# # l   D_l^TT[muK^2]   D_l^EE[muK^2]   D_l^TE[muK^2]  (Chebyshev spectral solver)
2.000000000000000000e+00 1.987285138216769838e+02 1.724353440738700047e-02 -1.319246048053840936e-01
3.000000000000000000e+00 2.352442655139151384e+02 4.016205046337445461e-02 9.498230840929516861e-01
4.000000000000000000e+00 2.840626211002825130e+02 4.266425527881068797e-02 1.607535301537911465e+00
5.000000000000000000e+00 2.957470708829506520e+02 3.072743011316281941e-02 1.584186506108101300e+00
6.000000000000000000e+00 2.882098983688320004e+02 1.771486692662544923e-02 1.310009924025662631e+00
7.000000000000000000e+00 2.853025139734037339e+02 9.361601477212098607e-03 1.012082051664737525e+00
8.000000000000000000e+00 2.763404192493222240e+02 5.550676700122053261e-03 7.645189511634745694e-01
9.000000000000000000e+00 2.791025457606625650e+02 4.168550264194223823e-03 5.832876396206222447e-01
1.000000000000000000e+01 2.826484085140151592e+02 3.519112848295304682e-03 4.690287506809097673e-01
1.100000000000000000e+01 2.589733998602617930e+02 2.966530329456415482e-03 4.111167422055851395e-01
1.200000000000000000e+01 2.793102595411008906e+02 2.528923866351773068e-03 3.894448981226242279e-01
1.300000000000000000e+01 2.872991561333790287e+02 2.324705246429808244e-03 3.881829519378626192e-01
1.400000000000000000e+01 2.872790086122047910e+02 2.343024743496905510e-03 4.004158488050970632e-01
1.500000000000000000e+01 3.213923295109827336e+02 2.455572261085634932e-03 4.170126184714516571e-01
1.600000000000000000e+01 2.815329812984343789e+02 2.629301281146706731e-03 4.295880446569147471e-01
1.700000000000000000e+01 3.466945554149521627e+02 2.828809517593197306e-03 4.552348823497125441e-01
1.800000000000000000e+01 3.271633366601282091e+02 3.166786869625661839e-03 4.523705022254476127e-01
1.900000000000000000e+01 3.264059322687271560e+02 3.678988752827850196e-03 4.860589293032852032e-01
2.000000000000000000e+01 3.585455542843769194e+02 4.340712244072962404e-03 4.761787647848059191e-01
2.100000000000000000e+01 3.304893773564069193e+02 5.208302331468626575e-03 5.035705814131453684e-01
2.200000000000000000e+01 4.335950347680499135e+02 6.060209989801549312e-03 5.281415212019180405e-01
2.300000000000000000e+01 3.642655380218110963e+02 7.187553321255523223e-03 5.151084095282196795e-01
2.400000000000000000e+01 4.509697898277806871e+02 8.278184636265867313e-03 5.745006357877451286e-01
2.500000000000000000e+01 4.084432136281614589e+02 9.573066344666843544e-03 5.113220673355268753e-01
2.600000000000000000e+01 4.608769638445532451e+02 1.117963939633759111e-02 5.237106937857023414e-01
2.700000000000000000e+01 4.745673639188975699e+02 1.257237026781211908e-02 5.205644827987450096e-01
2.800000000000000000e+01 4.515216063464047807e+02 1.451918786484139232e-02 4.532827025309772995e-01
2.900000000000000000e+01 4.913965232430614947e+02 1.606601231829076631e-02 5.463509644687915001e-01
3.000000000000000000e+01 5.095270257747120581e+02 1.809420233394821304e-02 3.918577443154384610e-01
3.200000000000000000e+01 5.536409361029317324e+02 2.252544775335503166e-02 3.994286134402233457e-01
3.400000000000000000e+01 5.298091998025871590e+02 2.826507731857282740e-02 3.458580771861284875e-01
3.600000000000000000e+01 5.498639712703384248e+02 3.507303828555510816e-02 2.327727811403772565e-02
3.800000000000000000e+01 6.779063358469329614e+02 4.179746453841842735e-02 -3.236923451309801081e-01
4.000000000000000000e+01 8.248998972309763076e+02 4.885464283815241227e-02 -2.975337729354615157e-01
4.200000000000000000e+01 7.605640761748039722e+02 5.886887633089837868e-02 -4.238052264780496903e-01
4.400000000000000000e+01 7.806723257397006819e+02 7.060951799665605988e-02 -1.179638714719690729e+00
4.600000000000000000e+01 8.971458984325254278e+02 7.886237088104200432e-02 -1.404793743107020765e+00
4.800000000000000000e+01 8.144500323426627801e+02 9.105232576454418136e-02 -1.129022506369846690e+00
5.000000000000000000e+01 8.795095988901647388e+02 1.098095927415417283e-01 -2.386250301462709000e+00
5.200000000000000000e+01 1.160851739906849389e+03 1.183230151273311631e-01 -2.967426426863490896e+00
5.400000000000000000e+01 1.048000869140786790e+03 1.344471988414129293e-01 -2.424434482001608604e+00
5.600000000000000000e+01 1.037753413735369577e+03 1.593432240863373595e-01 -4.291600016164590414e+00
5.800000000000000000e+01 1.199714194290806518e+03 1.660479901911796341e-01 -4.125403587547960882e+00
6.000000000000000000e+01 1.029586277689749295e+03 1.942089047260615042e-01 -4.367586456438049325e+00
6.200000000000000000e+01 1.409689744197235314e+03 2.170933214783486720e-01 -6.919568808452646103e+00
6.400000000000000000e+01 1.306969587158886043e+03 2.242389477234055795e-01 -5.337439912306263246e+00
6.600000000000000000e+01 1.165113558889682736e+03 2.700138766986841521e-01 -7.712418131080949202e+00
6.800000000000000000e+01 1.463991820849310216e+03 2.705590675995454553e-01 -7.978981409085351473e+00
7.000000000000000000e+01 1.405821251024244475e+03 3.152382202887404339e-01 -8.385915105286944282e+00
7.200000000000000000e+01 1.887881453876327896e+03 3.361962439787021251e-01 -1.154455389465157644e+01
7.400000000000000000e+01 1.305429022308724598e+03 3.540258396270960506e-01 -8.521609055862612081e+00
7.600000000000000000e+01 1.690441387430754503e+03 4.051046964528903227e-01 -1.403569078662858161e+01
7.800000000000000000e+01 1.594449699090615695e+03 4.022222355399229232e-01 -1.099407355026209565e+01
8.000000000000000000e+01 1.963175291714352170e+03 4.770710021558474123e-01 -1.675274657912241949e+01
8.200000000000000000e+01 1.569562156422102362e+03 4.490068344302577397e-01 -1.224484661680957487e+01
8.400000000000000000e+01 1.998810636914300858e+03 5.565585374533502661e-01 -1.895323483129526565e+01
8.600000000000000000e+01 2.119509761137055193e+03 5.049982624568396528e-01 -1.512545423369359909e+01
8.800000000000000000e+01 2.086123758066209575e+03 6.241779348211862199e-01 -2.109548797067873593e+01
9.000000000000000000e+01 1.792666610923377220e+03 5.654386403968403307e-01 -1.676044190723064986e+01
9.200000000000000000e+01 2.554074105128196607e+03 7.061344279725648709e-01 -2.532758940970556338e+01
9.400000000000000000e+01 2.186301084085283492e+03 6.225443235635884642e-01 -1.879873647920588198e+01
9.600000000000000000e+01 2.288010278237847615e+03 7.780231977426219636e-01 -2.800299605296828531e+01
9.800000000000000000e+01 2.187674525246843132e+03 6.969104828637217031e-01 -2.163845353670238936e+01
1.000000000000000000e+02 2.794966261587941062e+03 8.309490091109197341e-01 -3.120537606474196224e+01
1.040000000000000000e+02 3.059142461715449372e+03 8.694488804106812463e-01 -3.328911895143037469e+01
1.080000000000000000e+02 2.620827394119619839e+03 8.626974874082741218e-01 -3.113684117870238666e+01
1.120000000000000000e+02 2.611378370035442003e+03 8.766447496587702615e-01 -2.939005493409282366e+01
1.160000000000000000e+02 3.025428384051735520e+03 9.670692084739466177e-01 -3.211621815800663882e+01
1.200000000000000000e+02 2.879563230533188289e+03 1.157522132491795475e+00 -3.980527483490608631e+01
1.240000000000000000e+02 3.472190688379966105e+03 1.270407852852648789e+00 -4.862910904844809323e+01
1.280000000000000000e+02 3.659716665818458296e+03 1.173829063411274021e+00 -4.795844255585327431e+01
1.320000000000000000e+02 3.530754144229513258e+03 1.062529803618919022e+00 -3.901423113014597988e+01
1.360000000000000000e+02 3.735366798552007822e+03 1.238520606613490393e+00 -4.588972612111732019e+01
1.400000000000000000e+02 4.405934570177838395e+03 1.433654929462242489e+00 -5.965630434774546131e+01
1.440000000000000000e+02 4.206354200022949044e+03 1.179780062491883497e+00 -4.889943612691175900e+01
1.480000000000000000e+02 3.090862753369878646e+03 1.145052757363434592e+00 -4.298952370663666755e+01
1.520000000000000000e+02 4.249570469335558300e+03 1.431099437109974559e+00 -5.940325808784410810e+01
1.560000000000000000e+02 4.614608415495059489e+03 1.187297588411235338e+00 -5.126347347786332165e+01
1.600000000000000000e+02 3.709919182330917465e+03 1.094420307729583097e+00 -4.294497771815600373e+01
1.640000000000000000e+02 5.357183204222404129e+03 1.363370221407603999e+00 -6.168940792790982641e+01
1.680000000000000000e+02 5.000573598705601398e+03 1.010082936032823397e+00 -4.007731719840097639e+01
1.720000000000000000e+02 4.846989190623723516e+03 1.095333092001195663e+00 -4.697804219653237112e+01
1.760000000000000000e+02 5.985387926005700137e+03 1.118540668728668308e+00 -5.208340105472449011e+01
1.800000000000000000e+02 4.463525513728282931e+03 9.009253112567175981e-01 -3.063761993852004650e+01
1.840000000000000000e+02 6.289079604189179008e+03 1.077826490979829854e+00 -5.059575307283181189e+01
1.880000000000000000e+02 4.453975211049583777e+03 7.324488215934068513e-01 -2.698234932853585022e+01
1.920000000000000000e+02 5.681235673689270698e+03 8.697804339187503730e-01 -4.472428651964861501e+01
1.960000000000000000e+02 4.508447846966186262e+03 7.719445380208341811e-01 -2.636718925151506454e+01
2.000000000000000000e+02 5.198180787161983972e+03 7.975149734996950235e-01 -2.765157454711754781e+01
2.040000000000000000e+02 5.289518401823655040e+03 6.636902913371792723e-01 -1.818923975523845016e+01
2.080000000000000000e+02 5.144837094727568001e+03 6.442820595308372811e-01 -2.001868005114124216e+01
2.120000000000000000e+02 5.895376204431252518e+03 4.989614384084113397e-01 -9.616594580608307297e+00
2.160000000000000000e+02 6.101615296800561737e+03 6.014849846196003158e-01 -5.305635997047718710e+00
2.200000000000000000e+02 6.386583009920219411e+03 7.916217545564354641e-01 8.501138080797039365e+00
2.240000000000000000e+02 5.947182433847348875e+03 8.980539396835062194e-01 1.296735000429028695e+01
2.280000000000000000e+02 4.865356702481472894e+03 9.146609911884538979e-01 1.760009892270853982e+01
2.320000000000000000e+02 5.694336079522209729e+03 8.962913383743685847e-01 1.523941339540738760e+01
2.360000000000000000e+02 4.445913083596126853e+03 9.670276663862685806e-01 2.464323417385926618e+01
2.400000000000000000e+02 7.309381657687395091e+03 1.219729112473879606e+00 5.299250705652408300e+01
2.440000000000000000e+02 4.802554282434633933e+03 1.362503963915802752e+00 5.052411102377858043e+01
2.480000000000000000e+02 6.738374481949092115e+03 1.577457928506796225e+00 6.597814360933330136e+01
2.520000000000000000e+02 3.785106233908328704e+03 1.226987916087014296e+00 3.215985468723190621e+01
2.560000000000000000e+02 5.830927944208940971e+03 1.610908133759475280e+00 6.778330513872262486e+01
2.600000000000000000e+02 6.004619401465586634e+03 2.167121599219948180e+00 8.658480940019822469e+01
2.640000000000000000e+02 4.366141511120917130e+03 2.380080693607179221e+00 7.504145921309432765e+01
2.680000000000000000e+02 5.860328012342307375e+03 2.564080585081485619e+00 8.947216599591158115e+01
2.720000000000000000e+02 3.724724658816827741e+03 2.024232239827098212e+00 5.657425362038731720e+01
2.760000000000000000e+02 6.082150924481093170e+03 4.260793659788143728e+00 1.279792206803465859e+02
2.800000000000000000e+02 4.564889155011503135e+03 4.089342785364737942e+00 1.009393687003545068e+02
2.840000000000000000e+02 2.953765404288285026e+03 3.061879132570511697e+00 6.718904084803978094e+01
2.880000000000000000e+02 5.994228690240329342e+03 5.713617784547649237e+00 1.593113525914444040e+02
2.920000000000000000e+02 3.514038566261245251e+03 5.295137866291699247e+00 9.730893450686653523e+01
2.960000000000000000e+02 3.357468914101357768e+03 5.525895436585830822e+00 9.501458698675583037e+01
3.000000000000000000e+02 4.959792535118313026e+03 7.123236612415975166e+00 1.472351051220903173e+02
3.040000000000000000e+02 2.690875336051423801e+03 6.645508752736551727e+00 8.465244010982790712e+01
3.080000000000000000e+02 3.503440855013287546e+03 7.824314287461657358e+00 1.105055123094003875e+02
3.120000000000000000e+02 4.254470364579656234e+03 7.706187296465690117e+00 1.307416810586711904e+02
3.160000000000000000e+02 2.277153040496857557e+03 7.166079349386960118e+00 7.647372071799948401e+01
3.200000000000000000e+02 3.349490782322952782e+03 8.973093533636358643e+00 1.284586614483970095e+02
3.240000000000000000e+02 3.604961469461257821e+03 8.925434221608000485e+00 1.449772311464615768e+02
3.280000000000000000e+02 1.760515532260880491e+03 8.280401245795793841e+00 7.495013955192143840e+01
3.320000000000000000e+02 2.991651743406423066e+03 1.132608234967714544e+01 1.334963160063797716e+02
3.360000000000000000e+02 2.950041346592550781e+03 1.243580341081686491e+01 1.398200203239669008e+02
3.400000000000000000e+02 1.580735936178561133e+03 7.797315799793621771e+00 3.831705319272253973e+01
3.440000000000000000e+02 2.634795595038621741e+03 1.266364939273018209e+01 1.287064829448002001e+02
3.480000000000000000e+02 2.415908767346452805e+03 1.376030298775951088e+01 1.357566095700705091e+02
3.520000000000000000e+02 1.593669746800068651e+03 6.146148992283670509e+00 4.524660850844538373e+01
3.560000000000000000e+02 1.915442992071707522e+03 1.575726522063481738e+01 1.151721774358130119e+02
3.600000000000000000e+02 2.186162600411800668e+03 1.495761090507573066e+01 9.865440682960282004e+01
3.640000000000000000e+02 1.567399528511690733e+03 8.363554617746395081e+00 5.113624311289935775e+01
3.680000000000000000e+02 1.125829537750684949e+03 1.316907761781972752e+01 5.378485743049925816e+01
3.720000000000000000e+02 1.952062312625594359e+03 1.547083843708702133e+01 1.122574234573340135e+02
3.760000000000000000e+02 1.490487237219742383e+03 1.307813590427697292e+01 5.726076563513434081e+01
3.800000000000000000e+02 1.279774852828403482e+03 8.156600756889822890e+00 1.079151531906619788e+01
3.840000000000000000e+02 1.346831751647717510e+03 1.831313843087101745e+01 7.659941489790504932e+01
3.880000000000000000e+02 1.481460949652723457e+03 1.267165774495667740e+01 6.563068564514536263e+01
3.920000000000000000e+02 1.370260379682942357e+03 9.009223796832843689e+00 2.662055979865446531e+01
3.960000000000000000e+02 1.415009614177019785e+03 1.232791253434571210e+01 1.744745030271046105e+00
4.000000000000000000e+02 1.359140545717116765e+03 1.684315343868387771e+01 5.783106195866655241e+01
4.040000000000000000e+02 1.281739560064461102e+03 1.005635212084211183e+01 2.266819754120815134e+01
4.080000000000000000e+02 1.010635101936835895e+03 7.766456280757388697e+00 5.211126887808855912e+00
4.120000000000000000e+02 9.931163462544071763e+02 1.460141280706703171e+01 -4.433769338779416813e+00
4.160000000000000000e+02 9.911640375405722807e+02 1.357680683326027449e+01 3.131648710563118598e+01
4.200000000000000000e+02 1.218360422461859343e+03 7.968027795773853228e+00 -1.226217366052718205e+01
4.240000000000000000e+02 1.166754068732421956e+03 7.454932512513451570e+00 -1.943332728564078238e+01
4.280000000000000000e+02 1.294808135855839737e+03 1.334709351503610542e+01 -2.710559537598403068e+01
4.320000000000000000e+02 8.728672587538252401e+02 1.117982861327464583e+01 2.124706271938221924e+00
4.360000000000000000e+02 1.170246596926948314e+03 6.314088516907923498e+00 -1.763935913523355481e+01
4.400000000000000000e+02 9.438976583613870162e+02 6.783159068477448983e+00 -1.303044301482666079e+01
4.440000000000000000e+02 1.175549533347129682e+03 1.078114691028101291e+01 -3.141736693084391518e+01
4.480000000000000000e+02 1.107965556364854820e+03 9.373625413445086707e+00 -2.830568147336057194e+01
4.520000000000000000e+02 1.340079653691193926e+03 4.248056790212316969e+00 -2.313790586421067275e+01
4.560000000000000000e+02 1.494160323683787283e+03 5.181442995353520153e+00 -3.093620892807468081e+01
4.600000000000000000e+02 1.524822274648875691e+03 7.235975382091740293e+00 -3.630155072417901607e+01
4.640000000000000000e+02 1.383403824864827357e+03 7.673560865594383884e+00 -3.009659652115268358e+01
4.680000000000000000e+02 9.950761242929112314e+02 4.240232946018816840e+00 -1.913980507723397295e+01
4.720000000000000000e+02 1.449784015564886431e+03 3.757494683414717596e+00 -3.609975929144563622e+01
4.760000000000000000e+02 1.417042721575770429e+03 4.731181374213541346e+00 -2.845452655901448225e+01
4.800000000000000000e+02 1.530049499463975280e+03 5.143913025789095705e+00 -3.069449027145992659e+01
4.840000000000000000e+02 1.246107769383688264e+03 4.028679752668353764e+00 6.022210216747711620e+00
4.880000000000000000e+02 1.262041230137799403e+03 3.688619663936741677e+00 9.295158675824717776e+00
4.920000000000000000e+02 1.480509878932074344e+03 3.466223594908724337e+00 -2.384503407719048340e+01
4.960000000000000000e+02 1.841882346163150714e+03 3.800003834861766627e+00 -7.991270934447637586e+00
5.000000000000000000e+02 1.468227643840101564e+03 4.399909908783861567e+00 -4.391395812411366784e+00
5.080000000000000000e+02 1.412556683131848558e+03 5.409319873609883977e+00 1.058313599468317712e+01
5.160000000000000000e+02 2.196752384953125784e+03 3.757039354402689213e+00 1.886800643340499306e+01
5.240000000000000000e+02 1.552761400203122776e+03 4.542687839979703490e+00 4.425439322567208400e+00
5.320000000000000000e+02 1.873912207863563481e+03 3.619426154882365854e+00 1.922937446485841662e+01
5.400000000000000000e+02 1.212673042731473515e+03 7.290030612033866042e+00 -1.381958972036808220e+01
5.480000000000000000e+02 1.745378316971975437e+03 9.840547111937256730e+00 5.226307992298040261e+01
5.560000000000000000e+02 1.817713996488856310e+03 1.286721021850364366e+01 6.764222917102607369e+01
5.640000000000000000e+02 1.090703676367208800e+03 1.219597800210110705e+01 4.788800117441423509e+01
5.720000000000000000e+02 1.991552967934532717e+03 1.190426825183442894e+01 4.865910734086466505e+01
5.800000000000000000e+02 1.795101976228557533e+03 8.991310273247737683e+00 4.448830196143609328e+01
5.880000000000000000e+02 1.533973178163986859e+03 1.690068848906956944e+01 7.189230602990637919e+01
5.960000000000000000e+02 2.150049047497952415e+03 1.708619193472397768e+01 2.720055593636034530e+01
6.040000000000000000e+02 1.283547720973473133e+03 6.609477559680028591e+00 -4.719300244050939952e+00
6.120000000000000000e+02 1.752679653086061080e+03 2.289864593461060238e+01 6.411427141847957500e+01
6.200000000000000000e+02 1.608447683094136664e+03 2.263147120251978350e+01 2.798861304117500026e+01
6.280000000000000000e+02 1.175650917305843222e+03 1.175374680147716155e+01 -5.845797886547060074e+01
6.360000000000000000e+02 1.788256144100032088e+03 2.530682260428273977e+01 5.658307011835786682e+01
6.440000000000000000e+02 1.342872114905916760e+03 2.190556798700314189e+01 2.943943535263590761e+01
6.520000000000000000e+02 1.470686379350680227e+03 1.237805805198670228e+01 -6.256602197518245134e+01
6.600000000000000000e+02 1.231835240565995036e+03 2.860148811843481553e+01 1.245314862715451376e+01
6.680000000000000000e+02 1.303540951802825930e+03 1.937154092299049424e+01 2.645527096358149777e+01
6.760000000000000000e+02 1.229026445699684473e+03 1.048512474220414248e+01 -3.928684283345824468e+01
6.840000000000000000e+02 1.430617346502111104e+03 2.614374651263403493e+01 -6.786847482007385857e+00
6.920000000000000000e+02 1.256985237394646447e+03 1.905201992258157873e+01 -3.207050013222335849e+01
7.000000000000000000e+02 1.094617290556427861e+03 9.264190944188873900e+00 -1.679591407833225247e+01
7.080000000000000000e+02 1.187425030739852218e+03 2.664161289288538725e+01 -5.416081080621655275e+01
7.160000000000000000e+02 1.020951383443568943e+03 1.853825798745663889e+01 -3.116155962874635676e+01
7.240000000000000000e+02 1.420498645255080874e+03 6.336302067109059521e+00 -1.362029960940260587e+01
7.320000000000000000e+02 2.035707144480667239e+03 1.602032145419373421e+01 -1.076022623043364774e+02
7.400000000000000000e+02 1.733861431411972717e+03 1.179180124784119776e+01 -3.431984414665922145e+01
7.480000000000000000e+02 1.421818256332770943e+03 5.882003588131752281e+00 -4.559304316633061127e+00
7.560000000000000000e+02 1.584294482487995083e+03 8.820112757352772448e+00 -4.471676879318810904e+01
7.640000000000000000e+02 1.231297852579512892e+03 1.270402604847097550e+01 -3.852006254503842797e+01
7.720000000000000000e+02 1.425220253047400320e+03 9.100693451441850712e+00 -9.187041070007738952e+00
7.800000000000000000e+02 1.488826886132320396e+03 7.185659005000518462e+00 -6.802898463164500420e+00
7.880000000000000000e+02 2.457664022456122893e+03 9.703469400414828527e+00 -1.235047346518060607e+01
7.960000000000000000e+02 1.945055362113314004e+03 9.431269270084733591e+00 4.860512393395427466e+01
8.040000000000000000e+02 1.379281775521349118e+03 9.084844406315315979e+00 2.811035885647257260e+01
8.120000000000000000e+02 2.078084705183650840e+03 8.374141542237371283e+00 4.468398309895976439e+01
8.200000000000000000e+02 2.115774537289249110e+03 9.743950661016532067e+00 5.156559889960005449e+01
8.280000000000000000e+02 2.269870105300048635e+03 1.256839576092852617e+01 9.828398514070144643e+01
8.360000000000000000e+02 1.444074438788557927e+03 1.075680567511887809e+01 4.661725949406913827e+01
8.440000000000000000e+02 2.398252042662262284e+03 1.700738405566459832e+01 1.320334054091112250e+02
8.520000000000000000e+02 1.804866802476795101e+03 1.004443249095187696e+01 4.802402933238506222e+01
8.600000000000000000e+02 1.835857310656145273e+03 1.918797848563629671e+01 1.228560918185229554e+02
8.680000000000000000e+02 1.345464536313304279e+03 1.913567785011042943e+01 6.860349931949888003e+01
8.760000000000000000e+02 2.457616113881145338e+03 2.537294876702649304e+01 1.755041780374031930e+02
8.840000000000000000e+02 1.726699370875319346e+03 1.571601436584462341e+01 7.890107635415085952e+01
8.920000000000000000e+02 1.754298525614478194e+03 1.927677886451235878e+01 9.445941649307091836e+01
9.000000000000000000e+02 6.414986119930728137e+02 2.243263033127040984e+01 2.130283406890856668e+01
9.080000000000000000e+02 1.578131259180699089e+03 3.622621070660903797e+01 1.642523136938808079e+02
9.160000000000000000e+02 1.513089979145303232e+03 2.121744716491965477e+01 8.281771375335480911e+01
9.240000000000000000e+02 1.384853997356028231e+03 2.383315046863849318e+01 7.070093977242046890e+01
9.320000000000000000e+02 4.686504530618504987e+02 1.235283002747729064e+01 -1.035453456355822333e+01
9.400000000000000000e+02 1.488595936505131249e+03 2.867050705364562191e+01 1.231400376584355030e+02
9.480000000000000000e+02 1.457388209342903338e+03 2.558234692857612913e+01 9.630066463124366294e+01
9.560000000000000000e+02 8.143745457214321277e+02 1.910736475537862944e+01 1.766920002665220579e+01
9.640000000000000000e+02 9.987570028478379527e+02 1.114768069289188368e+01 5.337870050785626042e+00
9.720000000000000000e+02 6.256480825678742121e+02 3.089647612913474362e+01 6.295452788111489895e+01
9.800000000000000000e+02 1.093370903407325613e+03 3.541472072881532540e+01 4.566702374958089194e+01
9.880000000000000000e+02 5.804743721826489491e+02 1.758496945583771520e+01 2.500347895585690039e-01
9.960000000000000000e+02 6.396688742396628413e+02 2.002380026548771497e+01 1.467852660091826600e+01
1.004000000000000000e+03 7.076400832396880105e+02 1.060429557043595494e+01 -2.716913375691678567e+01
1.012000000000000000e+03 7.896308691771167787e+02 2.675130536692069327e+01 1.458013404113892442e+01
1.020000000000000000e+03 8.315216771114530729e+02 2.485650794413473363e+01 1.215235183695805254e+01
1.028000000000000000e+03 4.008950631810335494e+02 1.572549835097269444e+01 -2.541241793283398565e+01
1.036000000000000000e+03 7.084846293858315676e+02 1.309092589209271651e+01 3.266293391309909477e+00
1.044000000000000000e+03 8.347526466782641137e+02 1.158694755940550891e+01 -3.204214737793056855e+01
1.052000000000000000e+03 8.362988876149373709e+02 1.606653572331200408e+01 -6.010165791506529409e+00
1.060000000000000000e+03 6.162990964358948531e+02 1.264679492991153431e+01 2.307564179220432110e-01
1.068000000000000000e+03 6.930850569156369829e+02 1.283634566968577673e+01 -1.411345121621127063e+01
1.076000000000000000e+03 4.371591488390263294e+02 1.120841143631277959e+01 -3.377338020198713053e+01
1.084000000000000000e+03 1.006299251474212724e+03 8.680411346206080125e+00 -6.646917404782470840e+00
1.092000000000000000e+03 9.423180715857594123e+02 1.012184208922391093e+01 -1.132475519761507954e+01
1.100000000000000000e+03 6.354122390395939419e+02 1.187230703156818912e+01 -1.613113874699336137e+01
1.108000000000000000e+03 9.555983706952122247e+02 8.338057641883896309e+00 -2.224898584943662527e+01
1.116000000000000000e+03 8.450952044234936693e+02 1.032461318634585012e+01 -3.440324251372267828e+00
1.124000000000000000e+03 1.247256228287077874e+03 4.894891491815386075e+00 2.092307767709231570e+01
1.132000000000000000e+03 9.006877348370222762e+02 9.327312259607065670e+00 -3.086224821904119153e+01
1.140000000000000000e+03 8.188521546803704041e+02 9.696532476449659654e+00 3.584137633194822481e+00
1.148000000000000000e+03 1.173811044580912267e+03 8.951205652565874971e+00 2.942519445142309564e+01
1.156000000000000000e+03 7.768312363667962472e+02 1.167047025444872865e+01 2.196872698307646843e+01
1.164000000000000000e+03 1.116083657742979312e+03 1.548812064604173955e+01 6.603784743793633538e+01
1.172000000000000000e+03 9.864404525106145911e+02 1.504370001231685627e+01 3.327388432127551710e+01
1.180000000000000000e+03 9.882015017764641698e+02 1.691105734345137890e+01 4.248909827567831599e+01
1.188000000000000000e+03 7.658169187146817194e+02 1.171033403767687808e+01 4.379624168324642142e+01
1.196000000000000000e+03 7.573075803994867101e+02 9.286004519123897794e+00 -2.469296784250863297e+01
1.204000000000000000e+03 8.473676884532178519e+02 1.521662955984512067e+01 4.421679089339938429e+01
1.212000000000000000e+03 1.331514222336318426e+03 1.888570931738901848e+01 9.124979311550599448e+01
1.220000000000000000e+03 8.988687701632051130e+02 1.734955610228452727e+01 5.949650608236127880e+01
1.228000000000000000e+03 6.628004087706018481e+02 9.542926841913166314e+00 2.545572593340380507e+01
1.236000000000000000e+03 8.515370153393337205e+02 1.463242566922161103e+01 6.351210568238372645e+01
1.244000000000000000e+03 5.924661489671688059e+02 1.224299446050586937e+01 -1.450205081404980945e+01
1.252000000000000000e+03 6.316327086726194011e+02 2.046716595896371871e+01 3.436639192159523049e+01
1.260000000000000000e+03 8.163436396858135140e+02 1.543707899344148338e+01 5.922900876681813997e+01
1.268000000000000000e+03 6.818555364783142068e+02 1.514156332165893915e+01 2.355474806369362994e+01
1.276000000000000000e+03 6.513386495327871444e+02 7.090123677672381497e+00 1.410054373705287922e+01
1.284000000000000000e+03 6.687341668636726126e+02 1.466298404041260994e+01 5.301496683698835000e+01
1.292000000000000000e+03 5.854338336808013992e+02 1.361991659703435076e+01 -3.812152278311068621e+00
1.300000000000000000e+03 7.158549541347124432e+02 2.067272729872941994e+01 -1.256822541855737496e+00
1.308000000000000000e+03 6.622545506096370218e+02 1.226399217084457405e+01 1.562469439693222917e+01
1.316000000000000000e+03 4.097184970071516545e+02 1.479313510887658722e+01 1.552173756967977347e+01
1.324000000000000000e+03 5.355678418150467905e+02 1.036097428828418288e+01 1.052173235680935548e+01
1.332000000000000000e+03 4.561582579593315359e+02 1.650525376730617566e+01 4.241011058170430559e+00
1.340000000000000000e+03 4.876012813776585517e+02 1.188821487040675251e+01 -1.131087708580052720e+01
1.348000000000000000e+03 4.781446792795762235e+02 1.735783812641422585e+01 -3.176087777673691193e+01
1.356000000000000000e+03 5.201595465007923167e+02 1.146067752433654618e+01 1.326943361828332435e+01
1.364000000000000000e+03 4.369603384576572580e+02 1.458979327887843169e+01 -1.501670847968852973e+00
1.372000000000000000e+03 6.824681886328679639e+02 8.173031905890816518e+00 1.250632589965428698e+00
1.380000000000000000e+03 5.735478596736030568e+02 1.005362736215631081e+01 -2.322627352582594540e+01
1.388000000000000000e+03 8.505141370755638945e+02 7.765324106487429212e+00 -1.450473048279734201e+01
1.396000000000000000e+03 8.645624767493136460e+02 9.563099131369556360e+00 -7.602023358641776696e+00
1.404000000000000000e+03 6.482641377001600631e+02 1.212525840577307612e+01 -1.960605424435030741e+01
1.412000000000000000e+03 8.492090765078703498e+02 8.528888498075421154e+00 5.416943854585906770e+00
1.420000000000000000e+03 7.232784018129772221e+02 6.604474964537008219e+00 1.811898088389281725e+01
1.428000000000000000e+03 7.464744815006536101e+02 4.960399602953653897e+00 -9.706943791563334756e+00
1.436000000000000000e+03 4.194880928641618425e+02 5.805734559617376611e+00 -3.299542489653657373e+00
1.444000000000000000e+03 1.046808849378094465e+03 8.392038486806230324e+00 -1.950396415515323056e+01
1.452000000000000000e+03 9.780319349121671166e+02 7.904123416999883744e+00 1.185022726837995855e+01
1.460000000000000000e+03 6.084137680203310765e+02 6.011592843954764120e+00 1.205692279446423854e+01
1.468000000000000000e+03 4.898538684413744591e+02 7.829092182593129223e+00 -2.041049923514296704e+00
1.476000000000000000e+03 7.928122371951357081e+02 7.709171920097364072e+00 3.693047542993490850e+01
1.484000000000000000e+03 6.809682078194676933e+02 5.805103547054363489e+00 1.313142000298910439e+01
1.492000000000000000e+03 7.550820392155101217e+02 6.311315862892526773e+00 1.664791849775941301e+01
1.500000000000000000e+03 1.157824529206044417e+03 5.418952328483851666e+00 1.029723330377131951e+01
1.512000000000000000e+03 5.542649037121319679e+02 8.770047688280103060e+00 3.549625094473637166e+00
1.524000000000000000e+03 3.349896997058534112e+02 6.942958993492755582e+00 2.356943136198624700e+01
1.536000000000000000e+03 5.607060031887258447e+02 9.862889054838628766e+00 1.035256216344536462e+01
1.548000000000000000e+03 5.120594650092940583e+02 1.257027936998604467e+01 4.927582662774733535e+01
1.560000000000000000e+03 6.638350770942671488e+02 2.103816999480762817e+01 3.105398641027610651e+01
1.572000000000000000e+03 4.073346249220175537e+02 1.330079677973744445e+01 2.327597054544001764e+01
1.584000000000000000e+03 2.486697987445612625e+02 5.300717007896067479e+00 8.124432906187461612e+00
1.596000000000000000e+03 3.571801128049798422e+02 1.032412650608601190e+01 -2.052318030973451357e+01
1.608000000000000000e+03 4.233272007865863884e+02 2.531813582578987365e+01 2.856585888396036310e+01
1.620000000000000000e+03 4.690100957684306877e+02 1.929849739644822293e+01 1.402835772645914680e+01
1.632000000000000000e+03 3.362108937435764346e+02 1.281906276719280058e+01 -6.372787450059149705e-01
1.644000000000000000e+03 3.446935843529229828e+02 9.063872970458362488e+00 -1.042600439091875764e+01
1.656000000000000000e+03 5.361954023887916492e+02 4.608417008910404178e+00 -4.829407224029962364e+00
1.668000000000000000e+03 2.992792648592563296e+02 2.407872816972749419e+01 -1.896761643469182701e+01
1.680000000000000000e+03 4.006114875133658870e+02 1.222066835812530528e+01 -2.351272365036160394e+01
1.692000000000000000e+03 4.326956076305260694e+02 6.809929890716888146e+00 -1.761654173494445885e+01
1.704000000000000000e+03 3.497113976383302543e+02 7.275430751200573809e+00 -2.819365103774686965e+00
1.716000000000000000e+03 3.643788324151473148e+02 1.935078068393560002e+00 4.156550605948718946e+00
1.728000000000000000e+03 6.057753490170223358e+02 1.533772691337162897e+01 -1.961435587532144709e+01
1.740000000000000000e+03 3.952655815680424212e+02 7.692727703938695427e+00 -6.642114047050033498e+00
1.752000000000000000e+03 4.046630629578328922e+02 4.076039806470829419e+00 7.156654195892292236e+00
1.764000000000000000e+03 3.457823923128368619e+02 7.120888862613893089e+00 2.863762337380253697e+01
1.776000000000000000e+03 3.469877090729033853e+02 4.819987961159483802e+00 3.069081405614215718e+00
1.788000000000000000e+03 5.839314716127062184e+02 4.697665093758874200e+00 -5.759889233233899120e+00
1.800000000000000000e+03 4.441863751282729709e+02 4.040158635627914663e+00 -2.098676860269876698e+01
1.812000000000000000e+03 2.385612575885254785e+02 5.868897919780170724e+00 1.406245207129848040e+01
1.824000000000000000e+03 3.128852659116470818e+02 4.502277974180373121e+00 1.207184595116670600e+01
1.836000000000000000e+03 4.303576387203222566e+02 7.828247321095656019e+00 2.455068076138272559e+01
1.848000000000000000e+03 1.741623945272122000e+02 1.114318694594879489e+01 1.675826368974492198e+01
1.860000000000000000e+03 4.450321713851151912e+02 1.521852205907862299e+01 4.211964812290710114e+01
1.872000000000000000e+03 2.757420091504409356e+02 1.281329338197325640e+01 2.346272304110166829e+01
1.884000000000000000e+03 2.267526615277651842e+02 1.067766604805433417e+01 1.080233147330002375e+01
1.896000000000000000e+03 2.025409000276036124e+02 8.159414210863634054e+00 -1.358441953547633219e+01
1.908000000000000000e+03 2.880564447940413970e+02 7.045202752591705142e+00 3.861859714860081672e-02
1.920000000000000000e+03 1.075369201154028644e+02 2.351273326929745622e+01 9.782052092313140434e+00
1.932000000000000000e+03 2.491766388739506226e+02 1.532462913475916544e+01 1.765100307656279455e+01
1.944000000000000000e+03 1.531238264593698943e+02 7.476586093298582369e+00 7.920335837851836480e+00
1.956000000000000000e+03 2.172253554668759534e+02 8.400446163961102997e+00 -7.031942552659344869e+00
1.968000000000000000e+03 3.450219103636669615e+02 9.399676892222110780e+00 -2.626017615570494357e+01
1.980000000000000000e+03 2.646094289645291724e+02 3.211621267384763279e+00 -3.431155488835003986e+00
1.992000000000000000e+03 2.477730584225289192e+02 2.276865376657440976e+01 -3.761743387018186269e+01
2.004000000000000000e+03 1.414652919373307327e+02 1.211403041222375343e+01 -1.167665162729887385e+01
2.016000000000000000e+03 2.579052779634813533e+02 2.787272955745999425e+00 -9.649236394947683593e+00
2.028000000000000000e+03 2.319411341548673988e+02 3.461852552501949898e+00 -5.658570393124589870e+00
2.040000000000000000e+03 3.272753778008182621e+02 4.799123938775647247e+00 -1.299046728611122958e+01
2.052000000000000000e+03 2.415135835848032002e+02 2.977730800413963319e+00 1.667262672048666872e+01
2.064000000000000000e+03 4.796019465917089519e+02 9.341754530164738668e+00 -2.169352022219813136e+01
2.076000000000000000e+03 3.129560637162161356e+02 5.779635079075244875e+00 -3.978087588115919448e+00
2.088000000000000000e+03 2.704348228265185980e+02 3.435179820459464128e+00 6.324961643192869687e+00
2.100000000000000000e+03 2.320015054430610064e+02 6.528560632016797705e+00 2.070336331946936070e+01
2.112000000000000000e+03 1.651888733085669685e+02 5.138611661632848104e+00 7.723941933158074313e+00
2.124000000000000000e+03 1.799535772049566447e+02 1.510296483058933159e+00 -1.772528708600181746e+00
2.136000000000000000e+03 3.903134454286049504e+02 6.665762899982433431e+00 1.820743925082866710e+01
2.148000000000000000e+03 3.245096629998324715e+02 5.347871079042691989e+00 1.214635540018633009e+01
2.160000000000000000e+03 1.066514115590504019e+02 6.505930428136310617e+00 -3.003186213665802740e+00
2.172000000000000000e+03 1.037038519270001586e+02 4.355612288020179079e+00 -2.412864675122978309e+00
2.184000000000000000e+03 1.815584568700226953e+02 1.252233231457013929e+00 4.795516157671625201e+00
2.196000000000000000e+03 1.601706208151468616e+02 1.068284528389022903e+01 1.382554366960003378e+01
2.208000000000000000e+03 1.938967102865788377e+02 9.493522011567558039e+00 -3.179732981908792944e+00
2.220000000000000000e+03 2.031567989411266808e+02 2.172555561753291187e+01 3.579467915021976410e+01
2.232000000000000000e+03 1.618998816704721548e+02 9.061354886823885124e+00 1.025512499719351744e+01
2.244000000000000000e+03 9.951398663581103676e+01 6.470691894903937147e+00 -8.896750360207356323e+00
2.256000000000000000e+03 1.132270795549347042e+02 6.377959955988969476e+00 -6.114427081311553103e+00
2.268000000000000000e+03 1.671315973803108932e+02 3.020860277043899700e+00 2.046233978801651698e+00
2.280000000000000000e+03 1.703783263611643974e+02 4.284419157902154218e+00 -1.156609754485217634e+00
2.292000000000000000e+03 1.424365092158832908e+02 1.451472184898761242e+01 -1.786360602338768189e+01
2.304000000000000000e+03 1.335757232961651368e+02 1.474363630862590568e+01 -1.226659847700424244e+01
2.316000000000000000e+03 1.338313638901824163e+02 4.633194062207124375e+00 -2.054529632743468337e+00
2.328000000000000000e+03 2.020777328323233917e+02 2.401490744574303005e+00 4.135685308767740598e-02
2.340000000000000000e+03 1.704416943216637321e+02 1.903337662323084878e+00 -1.047671222934113544e+01
2.352000000000000000e+03 1.164859088751500735e+02 1.932276329032331486e+00 4.232419655048328622e+00
2.364000000000000000e+03 9.628848911250824472e+01 4.365164192006013799e+00 1.648789884564143993e+00
2.376000000000000000e+03 2.184450402035815273e+02 2.721484729972746042e+00 -3.881608733534896771e+00
2.388000000000000000e+03 2.045026843710334958e+02 4.827581721815945137e+00 -1.087097733297522240e+01
2.400000000000000000e+03 1.569515263499310151e+02 2.461829664499740833e+00 1.095361440068708880e+01
2.412000000000000000e+03 1.260583963757864012e+02 3.277063879865609763e+00 6.217975051522669716e+00
2.424000000000000000e+03 1.087519941625226920e+02 5.378020834457752031e+00 6.548683879309327160e+00
2.436000000000000000e+03 1.082507005337176622e+02 2.917136658809963201e+00 4.005510572173398565e+00
2.448000000000000000e+03 1.868814404244114940e+02 1.703115278031336333e+00 3.969125595963149067e+00
2.460000000000000000e+03 1.163502074567469577e+02 5.559024757409728679e+00 6.504458802200205447e+00
2.472000000000000000e+03 1.568355246242928729e+02 6.657549408331068008e+00 1.270686789503341352e+01
2.484000000000000000e+03 1.058897477472618931e+02 2.719477460460140161e+00 -1.070892357702246889e+00
2.496000000000000000e+03 1.146609471763208603e+02 1.998203708645750476e+00 -7.950219019381418839e+00
