# ell  C_l^EE  D_l^EE[muK^2]
     2  3.06384791e-22  2.17335644e-09
     3  7.57580765e-22  1.07478771e-08
     4  1.34938947e-21  3.19065477e-08
     5  2.08084513e-21  7.38029153e-08
     6  2.95004959e-21  1.46484310e-07
     7  3.95506151e-21  2.61850721e-07
     8  5.09405771e-21  4.33619557e-07
     9  6.36460471e-21  6.77214814e-07
    10  7.76574769e-21  1.00992347e-06
    11  9.29314962e-21  1.45027167e-06
    12  1.09489229e-20  2.01933559e-06
    13  1.27235064e-20  2.73773056e-06
    14  1.46266470e-20  3.63142083e-06
    15  1.66376701e-20  4.72080710e-06
    16  1.87810356e-20  6.03949944e-06
    17  2.10171795e-20  7.60340920e-06
    18  2.33928745e-20  9.45849855e-06
    19  2.58437493e-20  1.16105186e-05
    20  2.84409769e-20  1.41223283e-05
    21  3.10997227e-20  1.69867775e-05
    22  3.39020620e-20  2.02809893e-05
    23  3.67682622e-20  2.39952173e-05
    24  3.97514471e-20  2.81978956e-05
    25  4.28315672e-20  3.29146944e-05
    26  4.59659355e-20  3.81492250e-05
    27  4.92671681e-20  4.40343814e-05
    28  5.25283244e-20  5.04268780e-05
    29  5.60435868e-20  5.76444738e-05
    30  5.94310206e-20  6.53444402e-05
    32  6.66726702e-20  8.32385050e-05
    34  7.42426976e-20  1.04451146e-04
    36  8.20981669e-20  1.29285610e-04
    38  9.01546218e-20  1.57960574e-04
    40  9.83176666e-20  1.90628537e-04
    42  1.06563093e-19  2.27529163e-04
    44  1.14997738e-19  2.69195002e-04
    46  1.23793253e-19  3.16420905e-04
    48  1.32967888e-19  3.69740131e-04
    50  1.42218481e-19  4.28754529e-04
    52  1.51119074e-19  4.92392014e-04
    54  1.59668696e-19  5.60646006e-04
    56  1.68510481e-19  6.35919740e-04
    58  1.78178775e-19  7.20855936e-04
    60  1.88069296e-19  8.13788389e-04
    62  1.96917182e-19  9.09344314e-04
    64  2.04821410e-19  1.00735184e-03
    66  2.13639426e-19  1.11689577e-03
    68  2.23960521e-19  1.24234431e-03
    70  2.33323249e-19  1.37096671e-03
    72  2.40299458e-19  1.49320918e-03
    74  2.47989859e-19  1.62719428e-03
    76  2.58416031e-19  1.78787139e-03
    78  2.67349634e-19  1.94766290e-03
    80  2.72639505e-19  2.08870110e-03
    82  2.80185461e-19  2.25449898e-03
    84  2.91027162e-19  2.45665539e-03
    86  2.97282250e-19  2.62965750e-03
    88  3.01044009e-19  2.78750190e-03
    90  3.10854733e-19  3.00991263e-03
    92  3.19076986e-19  3.22759297e-03
    94  3.20555752e-19  3.38428974e-03
    96  3.28293897e-19  3.61425076e-03
    98  3.37910441e-19  3.87592518e-03
   100  3.37748520e-19  4.03299174e-03
   104  3.53099855e-19  4.55861255e-03
   108  3.57149757e-19  4.97064923e-03
   112  3.60768594e-19  5.39805984e-03
   116  3.72615139e-19  5.97883890e-03
   120  3.78763650e-19  6.50200672e-03
   124  3.74484412e-19  6.86243032e-03
   128  3.73115971e-19  7.28376665e-03
   132  3.76473368e-19  7.81398073e-03
   136  3.81030022e-19  8.39326964e-03
   140  3.78961476e-19  8.84412181e-03
   144  3.71789716e-19  9.17783766e-03
   148  3.61395520e-19  9.42200331e-03
   152  3.52186673e-19  9.68323432e-03
   156  3.42666936e-19  9.92222238e-03
   160  3.35445080e-19  1.02159743e-02
   164  3.25173436e-19  1.04029223e-02
   168  3.17713585e-19  1.06645928e-02
   172  3.04920927e-19  1.07269013e-02
   176  2.95228877e-19  1.08731974e-02
   180  2.81339791e-19  1.08366425e-02
   184  2.67510417e-19  1.07657119e-02
   188  2.55922806e-19  1.07508090e-02
   192  2.38322031e-19  1.04408350e-02
   196  2.26907429e-19  1.03581815e-02
   200  2.14741334e-19  1.02059681e-02
   204  1.97803816e-19  9.77982760e-03
   208  1.89644429e-19  9.74680360e-03
   212  1.78441328e-19  9.52628158e-03
   216  1.60739998e-19  8.90737936e-03
   220  1.49542028e-19  8.59588754e-03
   224  1.40777300e-19  8.38833317e-03
   228  1.24832217e-19  7.70565425e-03
   232  1.10830557e-19  7.08297854e-03
   236  1.07016311e-19  7.07657035e-03
   240  1.01180674e-19  6.91892078e-03
   244  8.62255785e-20  6.09402921e-03
   248  7.49715084e-20  5.47343268e-03
   252  7.23919521e-20  5.45662180e-03
   256  7.44432372e-20  5.79043037e-03
   260  6.87487708e-20  5.51558138e-03
   264  5.77536599e-20  4.77685233e-03
   268  4.95169055e-20  4.22039476e-03
   272  5.28685025e-20  4.64131521e-03
   276  6.23818711e-20  5.63845025e-03
   280  6.28864578e-20  5.84970531e-03
   284  6.06093200e-20  5.79982802e-03
   288  6.46903319e-20  6.36564205e-03
   292  6.14017073e-20  6.21074107e-03
   296  5.14891400e-20  5.35150953e-03
   300  7.07782649e-20  7.55614297e-03
   304  8.35673302e-20  9.16056909e-03
   308  7.69396231e-20  8.65708645e-03
   312  1.05835368e-19  1.22191856e-02
   316  1.19275968e-19  1.41257592e-02
   320  1.02770231e-19  1.24805823e-02
   324  1.41336060e-19  1.75951858e-02
   328  1.36924021e-19  1.74687525e-02
   332  1.25085335e-19  1.63493773e-02
   336  1.76624348e-19  2.36446154e-02
   340  1.38445852e-19  1.89769210e-02
   344  1.72930792e-19  2.42639987e-02
   348  1.90838361e-19  2.74020373e-02
   352  1.58413889e-19  2.32714331e-02
   356  2.32112954e-19  3.48762754e-02
   360  1.75339736e-19  2.69403080e-02
   364  2.36063517e-19  3.70796500e-02
   368  2.26899028e-19  3.64266577e-02
   372  2.22044047e-19  3.64253229e-02
   376  2.78619814e-19  4.66932064e-02
   380  2.14723046e-19  3.67535874e-02
   384  3.12154931e-19  5.45600373e-02
   388  2.27711888e-19  4.06330606e-02
   392  3.20386128e-19  5.83532200e-02
   396  2.42120082e-19  4.50017093e-02
   400  3.12230567e-19  5.92096216e-02
   404  2.56614716e-19  4.96398490e-02
   408  3.02831494e-19  5.97443740e-02
   412  2.72041376e-19  5.47261297e-02
   416  2.91530992e-19  5.97897339e-02
   420  2.80668637e-19  5.86729300e-02
   424  2.91093388e-19  6.20154118e-02
   428  2.84898115e-19  6.18447932e-02
   432  2.95767449e-19  6.54085503e-02
   436  2.81396298e-19  6.33867974e-02
   440  2.92453635e-19  6.70904637e-02
   444  2.59376931e-19  6.05880301e-02
   448  2.89422121e-19  6.88285438e-02
   452  2.36198400e-19  5.71776223e-02
   456  2.85738298e-19  7.03982723e-02
   460  2.13388998e-19  5.34987069e-02
   464  2.83042904e-19  7.21997526e-02
   468  1.95000811e-19  5.06019926e-02
   472  2.72306281e-19  7.18742461e-02
   476  1.90661448e-19  5.11800519e-02
   480  2.48879182e-19  6.79340315e-02
   484  1.92969954e-19  5.35536773e-02
   488  2.06277752e-19  5.81960589e-02
   492  1.97994430e-19  5.67776611e-02
   496  1.66856185e-19  4.86287245e-02
   500  1.92581515e-19  5.70341316e-02
   508  1.70384188e-19  5.20862735e-02
   516  1.39309067e-19  4.39371753e-02
   524  1.03306083e-19  3.35992040e-02
   532  9.24218527e-20  3.09831818e-02
   540  8.85199061e-20  3.05734518e-02
   548  8.83031718e-20  3.14081033e-02
   556  7.45023225e-20  2.72779860e-02
   564  8.30166347e-20  3.12755662e-02
   572  7.06525657e-20  2.73773301e-02
   580  8.72748118e-20  3.47700689e-02
   588  8.32813971e-20  3.40999017e-02
   596  6.46619493e-20  2.72008132e-02
   604  9.54463611e-20  4.12348285e-02
   612  8.62381865e-20  3.82493462e-02
   620  1.01173792e-19  4.60536251e-02
   628  1.31596849e-19  6.14565651e-02
   636  1.37393549e-19  6.58075005e-02
   644  1.32965018e-19  6.52973391e-02
   652  1.42436249e-19  7.16958157e-02
   660  1.95040193e-19  1.00596302e-01
   668  1.96515366e-19  1.03827309e-01
   676  1.26369869e-19  6.83740653e-02
   684  2.07349338e-19  1.14858154e-01
   692  2.58090200e-19  1.46326622e-01
   700  1.68887340e-19  9.79773429e-02
   708  2.33586654e-19  1.38624510e-01
   716  1.91024425e-19  1.15940077e-01
   724  1.66520479e-19  1.03337209e-01
   732  2.71902849e-19  1.72481023e-01
   740  1.70478021e-19  1.10517443e-01
   748  2.33967959e-19  1.54971667e-01
   756  1.92535490e-19  1.30268968e-01
   764  1.51444556e-19  1.04645598e-01
   772  2.10548149e-19  1.48545920e-01
   780  1.18516215e-19  8.53563655e-02
   788  1.88945474e-19  1.38884001e-01
   796  1.06649043e-19  7.99909500e-02
   804  1.35751518e-19  1.03874544e-01
   812  9.78140622e-20  7.63414447e-02
   820  1.05437753e-19  8.39200349e-02
   828  1.00410175e-19  8.14845170e-02
   836  7.79720673e-20  6.45035012e-02
   844  8.45704095e-20  7.13066598e-02
   852  5.16168199e-20  4.43498724e-02
   860  8.30434211e-20  7.26974771e-02
   868  6.13692922e-20  5.47271863e-02
   876  6.68138208e-20  6.06851615e-02
   884  7.22695100e-20  6.68441107e-02
   892  5.78470925e-20  5.44766450e-02
   900  8.40663333e-20  8.05938514e-02
   908  7.87701608e-20  7.68641747e-02
   916  6.24643049e-20  6.20310632e-02
   924  9.53746743e-20  9.63738649e-02
   932  7.11513621e-20  7.31464543e-02
   940  7.86661816e-20  8.22655588e-02
   948  9.55513226e-20  1.01630429e-01
   956  1.24766767e-19  1.34952600e-01
   964  1.20529185e-19  1.32558955e-01
   972  1.44478028e-19  1.61544961e-01
   980  1.87693123e-19  2.13331972e-01
   988  1.39641115e-19  1.61316596e-01
   996  1.72286910e-19  2.02264322e-01
  1004  9.09199060e-20  1.08460414e-01
  1012  1.69949957e-19  2.05979273e-01
  1020  1.08320490e-19  1.33367201e-01
  1028  1.83353940e-19  2.29303794e-01
  1036  1.66598104e-19  2.11602635e-01
  1044  1.40931414e-19  1.81776234e-01
  1052  1.60118359e-19  2.09699670e-01
  1060  7.20489177e-20  9.57990527e-02
  1068  1.65597177e-19  2.23518972e-01
  1076  1.01717237e-19  1.39359004e-01
  1084  1.29175575e-19  1.79618856e-01
  1092  9.99192433e-20  1.40995237e-01
  1100  7.33507772e-20  1.05026097e-01
  1108  1.08180193e-19  1.57156215e-01
  1116  6.88099304e-20  1.01410049e-01
  1124  6.95537532e-20  1.03980502e-01
  1132  6.94971237e-20  1.05379388e-01
  1140  4.46468603e-20  6.86584387e-02
  1148  5.62980676e-20  8.77946212e-02
  1156  5.89136773e-20  9.31579298e-02
  1164  4.58266267e-20  7.34698748e-02
  1172  6.13032664e-20  9.96372526e-02
  1180  5.60210784e-20  9.22987616e-02
  1188  4.51924021e-20  7.54703259e-02
  1196  5.20815693e-20  8.81499147e-02
  1204  3.75741236e-20  6.44488092e-02
  1212  4.87802237e-20  8.47851343e-02
  1220  5.82122475e-20  1.02518529e-01
  1228  4.01294331e-20  7.16021031e-02
  1236  5.37051504e-20  9.70770593e-02
  1244  6.56623854e-20  1.20231674e-01
  1252  6.33630754e-20  1.17517935e-01
  1260  6.31802491e-20  1.18680528e-01
  1268  8.06973624e-20  1.53515673e-01
  1276  9.82639774e-20  1.89299041e-01
  1284  5.75459406e-20  1.12252326e-01
  1292  8.45512874e-20  1.66991270e-01
  1300  1.25198374e-19  2.50340919e-01
  1308  6.03144818e-20  1.22090394e-01
  1316  8.24385130e-20  1.68921262e-01
  1324  1.35365561e-19  2.80753097e-01
  1332  6.06552932e-20  1.27325557e-01
  1340  8.34081496e-20  1.77196267e-01
  1348  1.26299002e-19  2.71527779e-01
  1356  6.25680772e-20  1.36114644e-01
  1364  7.44654677e-20  1.63913396e-01
  1372  1.12845982e-19  2.51317803e-01
  1380  5.50976153e-20  1.24141810e-01
  1388  6.40419709e-20  1.45971780e-01
  1396  7.74293786e-20  1.78525436e-01
  1404  6.31256745e-20  1.47218358e-01
  1412  3.99689730e-20  9.42784323e-02
  1420  5.45926603e-20  1.30235441e-01
  1428  4.92419875e-20  1.18797832e-01
  1436  2.40048622e-20  5.85629478e-02
  1444  4.71577897e-20  1.16332480e-01
  1452  3.97545329e-20  9.91588291e-02
  1460  3.06651557e-20  7.73322684e-02
  1468  3.20971410e-20  8.18326671e-02
  1476  2.47334499e-20  6.37476318e-02
  1484  2.98442241e-20  7.77558641e-02
  1492  3.43817589e-20  9.05459910e-02
  1500  3.45262344e-20  9.19038427e-02
  1512  2.89029960e-20  7.81710753e-02
  1524  3.43036938e-20  9.42558256e-02
  1536  3.79598515e-20  1.05950276e-01
  1548  4.88430829e-20  1.38464342e-01
  1560  7.69728654e-20  2.21604033e-01
  1572  4.48652780e-20  1.31160823e-01
  1584  5.09237879e-20  1.51153305e-01
  1596  3.40977452e-20  1.02748613e-01
  1608  7.91378362e-20  2.42068770e-01
  1620  6.83486674e-20  2.12197657e-01
  1632  6.09312225e-20  1.91981215e-01
  1644  6.80994211e-20  2.17732691e-01
  1656  2.48041222e-20  8.04672589e-02
  1668  6.82875917e-20  2.24753614e-01
  1680  4.49773416e-20  1.50170035e-01
  1692  4.39806633e-20  1.48946944e-01
  1704  4.31139880e-20  1.48089639e-01
  1716  1.28018276e-20  4.45935512e-02
  1728  3.78367405e-20  1.33648766e-01
  1740  2.45023741e-20  8.77543575e-02
  1752  1.80276550e-20  6.54587581e-02
  1764  1.69206483e-20  6.22834689e-02
  1776  1.90755653e-20  7.11738256e-02
  1788  1.93730999e-20  7.32638060e-02
  1800  1.31981102e-20  5.05836858e-02
  1812  1.69981932e-20  6.60193530e-02
  1824  1.65416655e-20  6.50997680e-02
  1836  3.06928468e-20  1.22385935e-01
  1848  2.59784666e-20  1.04945760e-01
  1860  3.24538756e-20  1.32812328e-01
  1872  3.82905234e-20  1.58725765e-01
  1884  4.25845795e-20  1.78795721e-01
  1896  4.18688324e-20  1.78036488e-01
  1908  2.67289909e-20  1.15101071e-01
  1920  5.27645653e-20  2.30082434e-01
  1932  4.02158024e-20  1.77561260e-01
  1944  1.37441423e-20  6.14392651e-02
  1956  4.51539511e-20  2.04346846e-01
  1968  3.12543215e-20  1.43183637e-01
  1980  1.07764517e-20  4.99732915e-02
  1992  3.61368423e-20  1.69613079e-01
  2004  2.66194686e-20  1.26451498e-01
  2016  8.63416859e-21  4.15077751e-02
  2028  2.31769384e-20  1.12750524e-01
  2040  1.23103208e-20  6.05975473e-02
  2052  7.30736200e-21  3.63948080e-02
  2064  1.47791278e-20  7.44716638e-02
  2076  7.53186883e-21  3.83953913e-02
  2088  1.23430235e-20  6.36506722e-02
  2100  1.15641376e-20  6.03213571e-02
  2112  1.39354504e-20  7.35236273e-02
  2124  6.81374278e-21  3.63589795e-02
  2136  1.45350190e-20  7.84393306e-02
  2148  1.27545467e-20  6.96062479e-02
  2160  1.54499389e-20  8.52604832e-02
  2172  1.18576712e-20  6.61654784e-02
  2184  1.14197567e-20  6.44278189e-02
  2196  1.47396250e-20  8.40739269e-02
  2208  1.41272513e-20  8.14638553e-02
  2220  2.91597096e-20  1.69979768e-01
  2232  2.01307811e-20  1.18619488e-01
  2244  7.31919941e-21  4.35928519e-02
  2256  2.62612348e-20  1.58087780e-01
  2268  1.32163283e-20  8.04082980e-02
  2280  5.90947806e-21  3.63347153e-02
  2292  1.40492281e-20  8.72938477e-02
  2304  1.49129097e-20  9.36328616e-02
  2316  7.85949617e-21  4.98622417e-02
  2328  6.21755437e-21  3.98551603e-02
  2340  9.17024382e-21  5.93896353e-02
  2352  5.64587927e-21  3.69405482e-02
  2364  5.31283648e-21  3.51170132e-02
  2376  3.75222091e-21  2.50539682e-02
  2388  7.65559130e-21  5.16347070e-02
  2400  5.74042787e-21  3.91075105e-02
  2412  4.11909571e-21  2.83432086e-02
  2424  6.75902769e-21  4.69722202e-02
  2436  2.47729749e-21  1.73869530e-02
  2448  3.23966276e-21  2.29621478e-02
  2460  6.76308927e-21  4.84065739e-02
  2472  9.36681393e-21  6.76981780e-02
  2484  7.12211878e-21  5.19756227e-02
  2496  3.96686297e-21  2.92295969e-02
