# ell  Dl_TT  Dl_EE  Dl_TE
       2    1.962612e+02    1.724584e-02   -1.324501e-01
       3    2.344084e+02    4.017332e-02    9.505155e-01
       4    2.825635e+02    4.267098e-02    1.608250e+00
       5    2.927314e+02    3.072970e-02    1.584812e+00
       6    2.873716e+02    1.771657e-02    1.309620e+00
       7    2.770131e+02    9.363520e-03    1.012447e+00
       8    2.693784e+02    5.552509e-03    7.642101e-01
       9    2.668716e+02    4.170537e-03    5.834772e-01
      10    2.671414e+02    3.521174e-03    4.699621e-01
      11    2.698254e+02    2.969146e-03    4.109396e-01
      12    2.724719e+02    2.531421e-03    3.888511e-01
      13    2.782969e+02    2.329661e-03    3.867736e-01
      14    2.818843e+02    2.345170e-03    3.985852e-01
      15    2.917195e+02    2.464828e-03    4.169359e-01
      16    2.969018e+02    2.624796e-03    4.354768e-01
      17    3.115619e+02    2.841005e-03    4.490520e-01
      18    3.163018e+02    3.173970e-03    4.585340e-01
      19    3.331194e+02    3.686366e-03    4.709332e-01
      20    3.337641e+02    4.373585e-03    4.850426e-01
      21    3.591823e+02    5.183011e-03    5.004630e-01
      22    3.580726e+02    6.111432e-03    5.199571e-01
      23    3.874753e+02    7.168732e-03    5.321299e-01
      24    3.834148e+02    8.331416e-03    5.376099e-01
      25    4.071814e+02    9.638839e-03    5.317055e-01
      26    4.168969e+02    1.112178e-02    5.190166e-01
      27    4.316971e+02    1.271841e-02    5.115885e-01
      28    4.532632e+02    1.437493e-02    4.997969e-01
      29    4.561708e+02    1.616823e-02    4.797979e-01
      30    4.829198e+02    1.823343e-02    4.340984e-01
      32    5.212288e+02    2.289392e-02    3.506197e-01
      34    5.602894e+02    2.824478e-02    2.144306e-01
      36    5.949964e+02    3.462316e-02    5.279133e-02
      38    6.242119e+02    4.176285e-02   -1.108461e-01
      40    6.513538e+02    4.986213e-02   -3.413688e-01
      42    6.857702e+02    5.892322e-02   -6.268961e-01
      44    7.344860e+02    6.910967e-02   -9.547178e-01
      46    7.922280e+02    8.035468e-02   -1.321403e+00
      48    8.537698e+02    9.270205e-02   -1.709064e+00
      50    9.149862e+02    1.063657e-01   -2.118172e+00
      52    9.422278e+02    1.210298e-01   -2.592269e+00
      54    9.484749e+02    1.367658e-01   -3.102565e+00
      56    9.772503e+02    1.541212e-01   -3.687340e+00
      58    1.031600e+03    1.724961e-01   -4.259935e+00
      60    1.118368e+03    1.919984e-01   -4.911521e+00
      62    1.205589e+03    2.128341e-01   -5.625096e+00
      64    1.240688e+03    2.347202e-01   -6.354769e+00
      66    1.238938e+03    2.584911e-01   -7.181753e+00
      68    1.259815e+03    2.828527e-01   -7.998885e+00
      70    1.360327e+03    3.085637e-01   -8.926383e+00
      72    1.472048e+03    3.361525e-01   -9.870026e+00
      74    1.524061e+03    3.635951e-01   -1.076684e+01
      76    1.509839e+03    3.922694e-01   -1.173125e+01
      78    1.530669e+03    4.227254e-01   -1.286283e+01
      80    1.669574e+03    4.526397e-01   -1.384438e+01
      82    1.789494e+03    4.824109e-01   -1.486711e+01
      84    1.781971e+03    5.168565e-01   -1.620916e+01
      86    1.755073e+03    5.520731e-01   -1.734170e+01
      88    1.856428e+03    5.830422e-01   -1.840021e+01
      90    2.039615e+03    6.160079e-01   -1.968484e+01
      92    2.049211e+03    6.512842e-01   -2.089595e+01
      94    2.010904e+03    6.859217e-01   -2.222793e+01
      96    2.129552e+03    7.190195e-01   -2.343173e+01
      98    2.325160e+03    7.540226e-01   -2.460028e+01
     100    2.281317e+03    7.879098e-01   -2.596453e+01
     104    2.480618e+03    8.562322e-01   -2.845780e+01
     108    2.559125e+03    9.180006e-01   -3.136133e+01
     112    2.931107e+03    9.830911e-01   -3.416325e+01
     116    2.892724e+03    1.044859e+00   -3.678809e+01
     120    3.319838e+03    1.092403e+00   -4.032540e+01
     124    3.532935e+03    1.140671e+00   -4.330834e+01
     128    3.552777e+03    1.191481e+00   -4.683099e+01
     132    3.811103e+03    1.223711e+00   -4.702166e+01
     136    3.959498e+03    1.240859e+00   -4.810784e+01
     140    3.884234e+03    1.258906e+00   -5.024625e+01
     144    4.052720e+03    1.276113e+00   -5.048120e+01
     148    4.428467e+03    1.281291e+00   -5.041657e+01
     152    4.568304e+03    1.261791e+00   -5.154259e+01
     156    4.441682e+03    1.231720e+00   -5.275002e+01
     160    4.558308e+03    1.210347e+00   -5.254421e+01
     164    4.851138e+03    1.190733e+00   -5.012837e+01
     168    5.156704e+03    1.166312e+00   -4.814252e+01
     172    5.212879e+03    1.115950e+00   -4.667530e+01
     176    5.209704e+03    1.054157e+00   -4.648594e+01
     180    5.153142e+03    9.862828e-01   -4.504068e+01
     184    5.186039e+03    9.378272e-01   -4.266113e+01
     188    5.312948e+03    8.934617e-01   -3.845413e+01
     192    5.495910e+03    8.667682e-01   -3.357582e+01
     196    5.609228e+03    8.310032e-01   -2.758351e+01
     200    5.800562e+03    8.074068e-01   -2.213353e+01
     204    5.809780e+03    7.810456e-01   -1.567100e+01
     208    5.933006e+03    7.694340e-01   -1.068147e+01
     212    5.931767e+03    7.740122e-01   -4.458337e+00
     216    5.943326e+03    7.826333e-01    1.534359e+00
     220    5.977843e+03    8.132956e-01    6.866612e+00
     224    5.911606e+03    8.546725e-01    1.460870e+01
     228    5.932079e+03    9.161950e-01    2.126633e+01
     232    5.833171e+03    1.047666e+00    2.862026e+01
     236    5.773971e+03    1.196014e+00    3.559756e+01
     240    5.722856e+03    1.375206e+00    4.102501e+01
     244    5.491991e+03    1.522671e+00    4.638315e+01
     248    5.443214e+03    1.633640e+00    5.067749e+01
     252    5.235959e+03    1.732865e+00    5.436113e+01
     256    5.108891e+03    1.809113e+00    5.752373e+01
     260    5.046934e+03    1.911579e+00    6.168487e+01
     264    5.058731e+03    2.079005e+00    6.769920e+01
     268    4.979482e+03    2.447103e+00    8.059746e+01
     272    4.969643e+03    3.074824e+00    9.159808e+01
     276    4.821418e+03    3.900499e+00    9.914962e+01
     280    4.576715e+03    4.460747e+00    9.966541e+01
     284    4.266420e+03    4.592072e+00    9.820990e+01
     288    4.225999e+03    4.404847e+00    9.587585e+01
     292    4.163297e+03    4.553734e+00    1.018521e+02
     296    4.086082e+03    5.439388e+00    1.128152e+02
     300    3.822722e+03    6.696683e+00    1.212168e+02
     304    3.673421e+03    7.378121e+00    1.159345e+02
     308    3.483618e+03    7.018042e+00    1.064373e+02
     312    3.423244e+03    6.830791e+00    1.101592e+02
     316    3.245343e+03    7.914606e+00    1.212531e+02
     320    3.034545e+03    9.519242e+00    1.220994e+02
     324    2.923762e+03    9.594421e+00    1.103836e+02
     328    2.824148e+03    8.807043e+00    1.046998e+02
     332    2.735095e+03    9.460601e+00    1.152297e+02
     336    2.445259e+03    1.142515e+01    1.113806e+02
     340    2.286015e+03    1.135878e+01    9.997015e+01
     344    2.273432e+03    1.034361e+01    9.853788e+01
     348    2.134746e+03    1.136726e+01    1.054188e+02
     352    2.089035e+03    1.300506e+01    9.384498e+01
     356    1.937192e+03    1.185558e+01    7.948315e+01
     360    1.816794e+03    1.155536e+01    8.717387e+01
     364    1.654068e+03    1.348340e+01    8.012787e+01
     368    1.535023e+03    1.321861e+01    6.340102e+01
     372    1.451966e+03    1.194884e+01    7.342805e+01
     376    1.437527e+03    1.348758e+01    6.545150e+01
     380    1.345311e+03    1.354576e+01    5.141953e+01
     384    1.372384e+03    1.189147e+01    5.457771e+01
     388    1.331801e+03    1.326739e+01    4.854535e+01
     392    1.285586e+03    1.296299e+01    2.925150e+01
     396    1.213839e+03    1.167902e+01    3.715862e+01
     400    1.203807e+03    1.288728e+01    2.266092e+01
     404    1.164194e+03    1.204619e+01    1.239207e+01
     408    1.000827e+03    1.133409e+01    1.806985e+01
     412    1.095086e+03    1.224577e+01    2.292283e+00
     416    1.041989e+03    1.066458e+01    5.437916e-01
     420    9.092348e+02    1.102532e+01   -1.090920e-01
     424    1.004175e+03    1.068532e+01   -1.044869e+01
     428    9.682891e+02    9.570440e+00   -4.967435e+00
     432    9.850942e+02    1.003890e+01   -1.889802e+01
     436    9.378760e+02    8.946066e+00   -1.575667e+01
     440    9.498045e+02    8.770148e+00   -1.659569e+01
     444    1.111753e+03    8.211951e+00   -2.541532e+01
     448    9.667335e+02    7.599480e+00   -2.102331e+01
     452    1.084604e+03    7.554735e+00   -3.054149e+01
     456    1.048815e+03    6.719468e+00   -2.215021e+01
     460    1.204575e+03    6.477631e+00   -3.018349e+01
     464    1.247356e+03    5.813183e+00   -3.071546e+01
     468    1.171179e+03    5.714880e+00   -3.228378e+01
     472    1.373139e+03    5.007186e+00   -2.715616e+01
     476    1.273048e+03    4.600926e+00   -2.487974e+01
     480    1.623572e+03    4.105893e+00   -2.475427e+01
     484    1.376307e+03    4.061970e+00   -2.418202e+01
     488    1.607246e+03    3.694188e+00   -1.678593e+01
     492    1.373620e+03    3.787425e+00   -9.229797e+00
     496    1.574293e+03    3.482348e+00   -4.561903e+00
     500    1.416579e+03    3.946053e+00    1.318072e+00
     508    1.331638e+03    4.902593e+00    1.201657e+00
     516    1.429537e+03    5.450907e+00    5.298367e+00
     524    1.677813e+03    5.582045e+00    1.238709e+01
     532    1.688693e+03    6.386283e+00    2.645117e+01
     540    1.437925e+03    8.501243e+00    3.657594e+01
     548    1.371723e+03    1.021887e+01    3.229076e+01
     556    1.666104e+03    1.073077e+01    3.082362e+01
     564    1.486997e+03    1.221565e+01    4.210683e+01
     572    1.322283e+03    1.414956e+01    2.247113e+01
     580    1.501002e+03    1.367430e+01    1.875846e+01
     588    1.389826e+03    1.408327e+01    2.977862e+01
     596    1.433949e+03    1.451593e+01    2.467355e+01
     604    1.700818e+03    1.470900e+01    4.140192e+01
     612    1.361468e+03    1.836213e+01    5.555342e+01
     620    1.566305e+03    2.152627e+01    4.483842e+01
     628    1.114387e+03    2.564107e+01    4.462014e+01
     636    1.278286e+03    2.549488e+01   -7.619751e-01
     644    1.209307e+03    2.298867e+01   -3.599794e+00
     652    1.353037e+03    1.904593e+01   -1.432512e+01
     660    1.283822e+03    1.932439e+01    1.367592e+01
     668    1.210206e+03    2.237670e+01   -3.935539e+00
     676    1.024881e+03    2.504579e+01   -1.340362e+01
     684    1.466048e+03    2.105288e+01   -5.397747e+01
     692    1.197459e+03    1.743859e+01   -3.011334e+01
     700    1.373129e+03    1.543047e+01   -1.081360e+01
     708    1.051397e+03    1.893955e+01   -4.134150e+01
     716    1.376453e+03    1.757596e+01   -4.995968e+01
     724    1.506488e+03    1.233453e+01   -5.197153e+01
     732    1.067651e+03    1.289306e+01   -2.412469e+01
     740    1.447087e+03    1.212822e+01   -3.838941e+01
     748    1.758423e+03    1.002039e+01   -6.688753e+01
     756    1.575950e+03    9.461827e+00   -1.305996e+01
     764    1.434150e+03    9.286474e+00   -9.225665e+00
     772    1.655868e+03    8.014666e+00   -4.247430e+01
     780    1.882599e+03    8.456912e+00   -7.018769e+00
     788    1.620514e+03    8.031491e+00    1.591586e+01
     796    1.918076e+03    6.241233e+00   -1.165133e+01
     804    2.026624e+03    9.185026e+00    2.168349e+01
     812    1.465669e+03    1.133674e+01    3.525844e+01
     820    1.896430e+03    7.556251e+00    2.502037e+01
     828    2.185947e+03    1.005641e+01    7.251140e+01
     836    1.394287e+03    1.340268e+01    3.862614e+01
     844    1.760658e+03    1.139059e+01    4.259014e+01
     852    2.072698e+03    1.684950e+01    1.246269e+02
     860    1.441087e+03    1.540961e+01    6.170085e+01
     868    2.016736e+03    1.321787e+01    7.026242e+01
     876    1.580504e+03    2.096065e+01    1.117646e+02
     884    1.226516e+03    1.793346e+01    4.698923e+01
     892    1.856957e+03    2.288795e+01    1.270267e+02
     900    1.223979e+03    2.432203e+01    9.319326e+01
     908    1.502122e+03    1.867265e+01    7.744506e+01
     916    1.359921e+03    2.567685e+01    1.195329e+02
     924    1.057394e+03    1.842644e+01    3.542484e+01
     932    1.421843e+03    2.472586e+01    9.091117e+01
     940    8.336090e+02    2.454513e+01    4.147676e+01
     948    1.170148e+03    2.228832e+01    5.803160e+01
     956    8.043574e+02    2.892399e+01    6.316391e+01
     964    1.007337e+03    1.986014e+01    3.501054e+01
     972    8.345451e+02    2.842897e+01    6.822242e+01
     980    8.262492e+02    1.887313e+01    2.049436e+01
     988    7.099837e+02    2.466902e+01    5.017442e+01
     996    7.863760e+02    1.753963e+01    4.166203e+00
    1004    6.440372e+02    1.880538e+01    2.672481e+01
    1012    8.062192e+02    1.488765e+01    2.747300e+00
    1020    6.949341e+02    1.438931e+01    1.560035e+01
    1028    7.380593e+02    1.489715e+01    6.504215e-01
    1036    7.353292e+02    1.287642e+01   -2.526460e+00
    1044    8.352047e+02    1.324594e+01   -1.596440e+01
    1052    8.443566e+02    9.136499e+00   -3.275633e+00
    1060    7.563284e+02    1.097910e+01   -1.099048e+01
    1068    8.953341e+02    9.639808e+00    4.328599e+00
    1076    8.542593e+02    9.965461e+00   -2.944715e+01
    1084    8.770121e+02    8.940473e+00    1.212595e+01
    1092    9.079654e+02    7.552447e+00   -6.778425e+00
    1100    7.549611e+02    1.019492e+01    6.355453e+00
    1108    1.026444e+03    9.149151e+00   -3.717429e-01
    1116    7.655135e+02    8.054888e+00    9.748090e+00
    1124    8.343506e+02    1.024355e+01    5.897818e+00
    1132    8.337694e+02    1.070291e+01    1.692760e+01
    1140    9.667931e+02    6.680810e+00    3.817059e+00
    1148    6.858795e+02    1.244915e+01    1.330619e+01
    1156    1.124451e+03    9.191563e+00    2.663649e+01
    1164    7.891377e+02    8.467681e+00    1.423508e+01
    1172    1.044040e+03    1.331672e+01    4.155041e+01
    1180    8.529359e+02    1.300845e+01    3.703903e+01
    1188    1.040587e+03    1.316560e+01    6.489896e+01
    1196    8.178472e+02    1.499632e+01    1.896629e+01
    1204    8.535374e+02    2.002542e+01    5.386421e+01
    1212    7.266162e+02    1.268191e+01    2.970001e+01
    1220    8.137518e+02    1.389989e+01    2.600129e+01
    1228    7.839251e+02    1.409117e+01    2.191307e+01
    1236    5.723309e+02    1.553941e+01    3.167297e+01
    1244    7.698203e+02    1.687341e+01    6.643955e+01
    1252    6.246970e+02    1.624493e+01    1.983730e+01
    1260    7.249532e+02    2.424759e+01    3.447948e+01
    1268    4.793325e+02    1.708827e+01    3.676944e-01
    1276    5.319900e+02    1.778067e+01    2.810685e+01
    1284    6.131528e+02    1.161551e+01    1.756850e+01
    1292    6.062204e+02    1.430655e+01    1.018877e+01
    1300    5.593542e+02    1.980731e+01    1.601436e+01
    1308    4.667803e+02    1.619372e+01   -2.651900e+00
    1316    3.974856e+02    2.025201e+01   -2.525346e+00
    1324    6.106664e+02    1.045195e+01   -3.497579e-01
    1332    5.814123e+02    1.309582e+01   -1.461652e+01
    1340    6.030186e+02    1.284387e+01    1.541673e+01
    1348    5.010043e+02    1.268689e+01   -2.102289e+01
    1356    4.322257e+02    1.606098e+01   -1.883128e+01
    1364    6.229762e+02    8.255537e+00   -2.250607e+01
    1372    6.008953e+02    1.133786e+01   -1.221103e+01
    1380    5.091353e+02    9.934629e+00    3.672290e+00
    1388    6.554277e+02    1.116926e+01   -1.701126e+01
    1396    7.519637e+02    9.562182e+00   -1.866354e+01
    1404    7.722238e+02    7.993196e+00   -2.541849e+00
    1412    6.942028e+02    7.150813e+00   -1.386336e+01
    1420    5.219644e+02    7.300068e+00   -1.415659e+01
    1428    8.063461e+02    6.299284e+00   -4.634608e+00
    1436    7.688270e+02    6.788561e+00   -9.510758e+00
    1444    5.897275e+02    9.281596e+00    9.834006e+00
    1452    7.334630e+02    8.752314e+00    9.356355e+00
    1460    6.615068e+02    1.019850e+01    5.580765e+00
    1468    8.418023e+02    1.140550e+01    3.334521e+01
    1476    7.815226e+02    9.391672e+00    1.833367e+01
    1484    5.693230e+02    8.409464e+00    8.880977e+00
    1492    8.835553e+02    9.801873e+00    4.708847e+01
    1500    7.185612e+02    8.953362e+00    3.198997e+01
    1512    7.327002e+02    1.507351e+01    4.078688e+01
    1524    6.369785e+02    9.993515e+00    2.799778e+01
    1536    7.046481e+02    1.686958e+01    5.213434e+01
    1548    4.873292e+02    1.074063e+01    2.531088e+01
    1560    6.077420e+02    1.612608e+01    4.582431e+01
    1572    4.178543e+02    1.018748e+01    1.185511e+01
    1584    4.383072e+02    1.536320e+01    4.515129e+01
    1596    3.992032e+02    8.235918e+00    1.766264e+00
    1608    3.609452e+02    1.471185e+01    2.521477e+01
    1620    3.457475e+02    8.064884e+00    1.235976e+00
    1632    3.490733e+02    1.268603e+01    1.472319e+01
    1644    3.657493e+02    7.673907e+00    1.381655e+00
    1656    3.208552e+02    1.309508e+01    3.691205e+00
    1668    2.742245e+02    9.448618e+00    4.830213e+00
    1680    3.277140e+02    1.184318e+01    1.301503e+00
    1692    2.912286e+02    7.647352e+00   -8.773323e+00
    1704    3.571090e+02    9.390998e+00   -7.360537e+00
    1716    3.230516e+02    6.091801e+00   -6.991176e+00
    1728    3.055633e+02    9.542958e+00   -4.734944e+00
    1740    3.589857e+02    7.464574e+00    3.530375e+00
    1752    3.676215e+02    6.658309e+00   -1.455369e+01
    1764    4.002344e+02    6.523112e+00    1.222123e+01
    1776    5.541365e+02    4.627192e+00    5.369087e+00
    1788    3.580133e+02    7.032315e+00    8.133875e+00
    1800    5.626762e+02    8.347650e+00    2.153324e+01
    1812    3.567592e+02    5.664103e+00    1.335404e+01
    1824    3.787408e+02    9.005576e+00    2.215185e+01
    1836    2.483945e+02    9.321517e+00    1.224754e+01
    1848    3.097064e+02    7.513179e+00    1.406031e+01
    1860    2.501252e+02    6.453430e+00    3.166473e+00
    1872    2.465129e+02    9.486355e+00    6.460080e+00
    1884    3.147952e+02    7.899254e+00    1.829796e+01
    1896    2.379576e+02    9.282847e+00    1.279013e+01
    1908    2.405647e+02    1.489986e+01    1.375734e+01
    1920    1.900132e+02    1.159813e+01   -1.343855e+00
    1932    1.389149e+02    1.728383e+01    1.347785e+00
    1944    2.761641e+02    6.297358e+00   -1.198780e+01
    1956    2.515505e+02    1.340565e+01   -1.391248e+01
    1968    1.939148e+02    6.556071e+00   -2.802585e+00
    1980    2.064099e+02    1.023859e+01   -7.278717e+00
    1992    2.062874e+02    1.084207e+01   -1.098402e+01
    2004    3.238640e+02    5.913732e+00   -1.206217e+01
    2016    3.098224e+02    1.031750e+01   -2.064767e+01
    2028    1.797625e+02    3.933521e+00   -1.548835e+00
    2040    2.290567e+02    7.910651e+00   -1.374833e+01
    2052    2.072432e+02    5.723786e+00   -6.403766e+00
    2064    3.315142e+02    4.952923e+00    4.611968e-01
    2076    3.648291e+02    4.254128e+00   -8.466137e+00
    2088    2.206487e+02    2.914283e+00    6.100118e+00
    2100    2.739484e+02    3.155383e+00   -6.453218e+00
    2112    1.769005e+02    4.833586e+00    5.790770e+00
    2124    2.557885e+02    6.478651e+00    1.094015e+01
    2136    2.472011e+02    8.003549e+00    2.214728e+01
    2148    1.752853e+02    4.644683e+00    5.181869e+00
    2160    2.534617e+02    5.690272e+00    2.199054e+01
    2172    2.214067e+02    5.199187e+00    1.605736e+01
    2184    1.530084e+02    8.539316e+00    1.163981e+01
    2196    2.234105e+02    9.803365e+00    1.258036e+01
    2208    1.548523e+02    4.313154e+00   -4.206487e+00
    2220    1.558748e+02    1.175680e+01    1.364363e+01
    2232    1.606581e+02    1.195142e+01    3.715032e+00
    2244    1.061815e+02    6.635473e+00   -5.872958e+00
    2256    1.390887e+02    1.137053e+01    5.461168e+00
    2268    1.043123e+02    7.111503e+00    2.598210e+00
    2280    1.223356e+02    7.970875e+00   -8.100379e+00
    2292    1.259545e+02    9.150606e+00   -3.455242e+00
    2304    9.505220e+01    3.955112e+00    1.191668e+00
    2316    1.602811e+02    6.652718e+00   -7.601511e+00
    2328    1.613793e+02    5.484178e+00   -7.566007e+00
    2340    1.198172e+02    3.204023e+00    2.699022e+00
    2352    1.749522e+02    4.274420e+00   -6.112381e+00
    2364    1.595258e+02    3.419894e+00   -7.722569e-01
    2376    1.358732e+02    3.356791e+00    7.402160e+00
    2388    1.767561e+02    2.563088e+00   -4.520615e-01
    2400    1.477135e+02    2.759985e+00    2.245081e+00
    2412    1.210268e+02    4.376237e+00    7.036650e+00
    2424    1.486305e+02    2.919075e+00    7.004112e+00
    2436    1.430894e+02    2.897450e+00    4.981419e+00
    2448    1.247929e+02    5.543681e+00    1.006461e+01
    2460    1.359577e+02    4.260803e+00    1.295872e+01
    2472    1.496824e+02    2.891627e+00    6.921475e+00
    2484    8.747818e+01    7.656703e+00    9.448911e+00
    2496    8.158848e+01    6.933977e+00    9.726273e+00
