# ell  C_l  D_l[muK^2]
     2  6.23802177e-10  4.42497316e+03
     3  3.09256259e-10  4.38745070e+03
     4  1.84171928e-10  4.35477713e+03
     5  1.22150207e-10  4.33239419e+03
     6  8.69285824e-11  4.31642692e+03
     7  6.50324308e-11  4.30556866e+03
     8  5.04901017e-11  4.29784992e+03
     9  4.03503862e-11  4.29341342e+03
    10  3.29927093e-11  4.29065079e+03
    11  2.74912957e-11  4.29024056e+03
    12  2.32648276e-11  4.29078685e+03
    13  1.99513357e-11  4.29295038e+03
    14  1.73029473e-11  4.29587745e+03
    15  1.51530958e-11  4.29957090e+03
    16  1.33852096e-11  4.30434016e+03
    17  1.19100493e-11  4.30871225e+03
    18  1.06719477e-11  4.31501489e+03
    19  9.61439001e-12  4.31934443e+03
    20  8.71412664e-12  4.32698771e+03
    21  7.92865600e-12  4.33065967e+03
    22  7.25397173e-12  4.33949188e+03
    23  6.65337794e-12  4.34203956e+03
    24  6.13492373e-12  4.35184003e+03
    25  5.66451660e-12  4.35300048e+03
    26  5.25747198e-12  4.36341563e+03
    27  4.88164544e-12  4.36315390e+03
    28  4.55590080e-12  4.37363758e+03
    29  4.25077681e-12  4.37220040e+03
    30  3.98541877e-12  4.38197015e+03
    32  3.51459877e-12  4.38785407e+03
    34  3.12083150e-12  4.39065979e+03
    36  2.78748877e-12  4.38964962e+03
    38  2.50224754e-12  4.38420627e+03
    40  2.25603629e-12  4.37423824e+03
    42  2.04242569e-12  4.36090389e+03
    44  1.85691826e-12  4.34680825e+03
    46  1.69598764e-12  4.33501773e+03
    48  1.55601996e-12  4.32678172e+03
    50  1.43281491e-12  4.31959249e+03
    52  1.32218498e-12  4.30808177e+03
    54  1.22129162e-12  4.28833132e+03
    56  1.12908034e-12  4.26088910e+03
    58  1.04483989e-12  4.22709738e+03
    60  9.66558864e-13  4.18236468e+03
    62  8.92080301e-13  4.11953970e+03
    64  8.22474521e-13  4.04509093e+03
    66  7.61928389e-13  3.98332185e+03
    68  7.11705597e-13  3.94794314e+03
    70  6.66521580e-13  3.91636453e+03
    72  6.21301513e-13  3.86073748e+03
    74  5.78452976e-13  3.79553978e+03
    76  5.41172196e-13  3.74414188e+03
    78  5.04809953e-13  3.67757981e+03
    80  4.66886729e-13  3.57683610e+03
    82  4.36222483e-13  3.51004347e+03
    84  4.15006896e-13  3.50320885e+03
    86  3.89637460e-13  3.44660022e+03
    88  3.58062294e-13  3.31545985e+03
    90  3.33408783e-13  3.22829671e+03
    92  3.11579186e-13  3.15174969e+03
    94  2.86255665e-13  3.02216418e+03
    96  2.73706622e-13  3.01328893e+03
    98  2.68506165e-13  3.07983915e+03
   100  2.47435400e-13  2.95457971e+03
   104  2.15066083e-13  2.77656004e+03
   108  1.85221250e-13  2.57782582e+03
   112  1.66720357e-13  2.49458095e+03
   116  1.56594654e-13  2.51265745e+03
   120  1.44073555e-13  2.47322367e+03
   124  1.15387802e-13  2.11448254e+03
   128  1.13376105e-13  2.21326654e+03
   132  1.06932827e-13  2.21946922e+03
   136  1.05085435e-13  2.31480550e+03
   140  1.06764397e-13  2.49164464e+03
   144  9.67792944e-14  2.38905116e+03
   148  8.20932406e-14  2.14026667e+03
   152  8.12950307e-14  2.23517495e+03
   156  7.83682066e-14  2.26922032e+03
   160  7.97228426e-14  2.42795783e+03
   164  8.77030856e-14  2.80579004e+03
   168  8.76646710e-14  2.94261265e+03
   172  9.15963946e-14  3.22229601e+03
   176  9.94394657e-14  3.66232786e+03
   180  9.36094531e-14  3.60564772e+03
   184  1.01293675e-13  4.07647125e+03
   188  9.47131845e-14  3.97871285e+03
   192  9.86162717e-14  4.32035687e+03
   196  9.45591533e-14  4.31656591e+03
   200  9.60006136e-14  4.56260179e+03
   204  9.86155060e-14  4.87575349e+03
   208  1.08411096e-13  5.57180440e+03
   212  1.21451690e-13  6.48382870e+03
   216  1.28177850e-13  7.10295352e+03
   220  1.35594484e-13  7.79416298e+03
   224  1.23622616e-13  7.36615696e+03
   228  1.12311019e-13  6.93274460e+03
   232  1.04485485e-13  6.67747657e+03
   236  1.13797616e-13  7.52499157e+03
   240  1.30327606e-13  8.91204165e+03
   244  1.30917494e-13  9.25264921e+03
   248  1.18484730e-13  8.65019539e+03
   252  9.75812855e-14  7.35529510e+03
   256  1.17004307e-13  9.10096492e+03
   260  1.22870247e-13  9.85764311e+03
   264  1.16878227e-13  9.66709356e+03
   268  9.73531423e-14  8.29754377e+03
   272  1.00620175e-13  8.83342499e+03
   276  1.20096695e-13  1.08550646e+04
   280  9.67009133e-14  8.99512974e+03
   284  8.82854580e-14  8.44821347e+03
   288  1.03885508e-13  1.02225161e+04
   292  9.32980974e-14  9.43703930e+03
   296  8.23155834e-14  8.55544739e+03
   300  8.73222325e-14  9.32234315e+03
   304  8.48802297e-14  9.30448786e+03
   308  7.55154877e-14  8.49684570e+03
   312  7.73288497e-14  8.92797542e+03
   316  7.46183985e-14  8.83699833e+03
   320  6.54053837e-14  7.94293508e+03
   324  7.11678573e-14  8.85981729e+03
   328  6.08605980e-14  7.76458880e+03
   332  5.52708548e-14  7.22422066e+03
   336  6.33962216e-14  8.48682129e+03
   340  4.93778636e-14  6.76827656e+03
   344  4.70399239e-14  6.60019326e+03
   348  5.01868783e-14  7.20621737e+03
   352  4.49174084e-14  6.59849002e+03
   356  4.13427159e-14  6.21197532e+03
   360  3.64064925e-14  5.59372417e+03
   364  3.92604311e-14  6.16682773e+03
   368  3.87723233e-14  6.22455795e+03
   372  3.30320589e-14  5.41876006e+03
   376  3.20636394e-14  5.37346612e+03
   380  3.13213234e-14  5.36118978e+03
   384  3.55120765e-14  6.20698258e+03
   388  3.37094346e-14  6.01513390e+03
   392  3.10154836e-14  5.64897533e+03
   396  2.95684192e-14  5.49574160e+03
   400  2.87365279e-14  5.44943104e+03
   404  2.96783269e-14  5.74101004e+03
   408  2.75527519e-14  5.43576855e+03
   412  2.38661409e-14  4.80111350e+03
   416  2.01496416e-14  4.13246530e+03
   420  2.08494856e-14  4.35852193e+03
   424  2.23261961e-14  4.75644003e+03
   428  2.75908226e-14  5.98932962e+03
   432  3.19070162e-14  7.05619121e+03
   436  3.21511955e-14  7.24231744e+03
   440  2.90172820e-14  6.65672324e+03
   444  2.50403692e-14  5.84919651e+03
   448  2.27504257e-14  5.41036279e+03
   452  2.31478011e-14  5.60349363e+03
   456  2.97724796e-14  7.33514248e+03
   460  3.33593864e-14  8.36352414e+03
   464  3.56823098e-14  9.10199092e+03
   468  2.72605306e-14  7.07400732e+03
   472  3.02188626e-14  7.97615818e+03
   476  2.73159045e-14  7.33252280e+03
   480  3.93343940e-14  1.07367115e+04
   484  3.53401458e-14  9.80771735e+03
   488  3.60883707e-14  1.01814225e+04
   492  3.08290143e-14  8.84064937e+03
   496  3.10381603e-14  9.04579084e+03
   500  4.12353088e-14  1.22120756e+04
   508  4.02827050e-14  1.23143821e+04
   516  4.03809778e-14  1.27358982e+04
   524  3.37174644e-14  1.09662465e+04
   532  3.11270717e-14  1.04349317e+04
   540  3.42461214e-14  1.18280982e+04
   548  4.18596025e-14  1.48888278e+04
   556  4.03853722e-14  1.47865406e+04
   564  3.38585225e-14  1.27558105e+04
   572  2.43210332e-14  9.42421479e+03
   580  3.56288214e-14  1.41944342e+04
   588  3.64517817e-14  1.49253281e+04
   596  2.63008795e-14  1.10637758e+04
   604  2.23283441e-14  9.64631267e+03
   612  2.63459315e-14  1.16852487e+04
   620  2.60629937e-14  1.18636983e+04
   628  1.84877443e-14  8.63389414e+03
   636  1.91522569e-14  9.17337211e+03
   644  2.01400481e-14  9.89050779e+03
   652  1.26401990e-14  6.36249116e+03
   660  1.30271101e-14  6.71902075e+03
   668  1.46668126e-14  7.74909216e+03
   676  8.57305509e-15  4.63856326e+03
   684  9.52458056e-15  5.27600304e+03
   692  9.69773866e-15  5.49822249e+03
   700  6.63085004e-15  3.84678372e+03
   708  6.91241438e-15  4.10224659e+03
   716  6.64843402e-15  4.03519053e+03
   724  4.71335210e-15  2.92495347e+03
   732  7.07401175e-15  4.48738505e+03
   740  5.25614776e-15  3.40745397e+03
   748  5.06262360e-15  3.35329344e+03
   756  5.17104466e-15  3.49871420e+03
   764  4.61331709e-15  3.18772321e+03
   772  6.13652289e-15  4.32943932e+03
   780  4.58406777e-15  3.30148380e+03
   788  6.47973682e-15  4.76291787e+03
   796  5.22758200e-15  3.92089080e+03
   804  7.36939586e-15  5.63892501e+03
   812  7.35677168e-15  5.74177747e+03
   820  8.30344281e-15  6.60887766e+03
   828  9.17420623e-15  7.44502002e+03
   836  8.17280491e-15  6.76106906e+03
   844  9.97982265e-15  8.41461952e+03
   852  7.17138158e-15  6.16174841e+03
   860  9.94933031e-15  8.70979547e+03
   868  6.83848704e-15  6.09834562e+03
   876  9.62680981e-15  8.74376740e+03
   884  5.71191755e-15  5.28311385e+03
   892  8.73154427e-15  8.22280285e+03
   900  5.70097897e-15  5.46549176e+03
   908  7.35606695e-15  7.17807364e+03
   916  4.56767260e-15  4.53599201e+03
   924  6.85475727e-15  6.92657099e+03
   932  3.88056498e-15  3.98937646e+03
   940  5.22877250e-15  5.46801538e+03
   948  4.39134491e-15  4.67072828e+03
   956  3.82427752e-15  4.13648768e+03
   964  3.62812883e-15  3.99024491e+03
   972  3.43568252e-15  3.84153359e+03
   980  3.14973521e-15  3.57998851e+03
   988  3.13901432e-15  3.62626082e+03
   996  2.29967201e-15  2.69980812e+03
  1004  3.33365571e-15  3.97679335e+03
  1012  2.98866893e-15  3.62226543e+03
  1020  2.70047508e-15  3.32490003e+03
  1028  2.29878919e-15  2.87488276e+03
  1036  3.02766167e-15  3.84554909e+03
  1044  3.83795118e-15  4.95026831e+03
  1052  3.27878428e-15  4.29407336e+03
  1060  2.63422778e-15  3.50257207e+03
  1068  2.40604685e-15  3.24762250e+03
  1076  3.19052281e-15  4.37121667e+03
  1084  4.66792065e-15  6.49075160e+03
  1092  4.37312989e-15  6.17088824e+03
  1100  3.37584007e-15  4.83364078e+03
  1108  3.91981522e-15  5.69441881e+03
  1116  3.33573941e-15  4.91611449e+03
  1124  4.54613382e-15  6.79631585e+03
  1132  3.67141857e-15  5.56701948e+03
  1140  2.86509593e-15  4.40597642e+03
  1148  5.05305890e-15  7.88004653e+03
  1156  4.12224974e-15  6.51835481e+03
  1164  4.81017898e-15  7.71174475e+03
  1172  3.62229362e-15  5.88737609e+03
  1180  2.82457621e-15  4.65369274e+03
  1188  5.24619512e-15  8.76103144e+03
  1196  2.67536415e-15  4.52814930e+03
  1204  2.46931089e-15  4.23547196e+03
  1212  3.95880033e-15  6.88080932e+03
  1220  2.20081966e-15  3.87589904e+03
  1228  2.65341753e-15  4.73443706e+03
  1236  2.53366549e-15  4.57983626e+03
  1244  1.90226575e-15  3.48316000e+03
  1252  2.32882984e-15  4.31922335e+03
  1260  1.71281486e-15  3.21742594e+03
  1268  1.36759706e-15  2.60166598e+03
  1276  1.80345935e-15  3.47424495e+03
  1284  1.13021290e-15  2.20465640e+03
  1292  1.12633994e-15  2.22455439e+03
  1300  1.47017455e-15  2.93969350e+03
  1308  7.90609383e-16  1.60037537e+03
  1316  9.26560341e-16  1.89857552e+03
  1324  1.03319544e-15  2.14288491e+03
  1332  8.22251145e-16  1.72604203e+03
  1340  5.14952039e-16  1.09398877e+03
  1348  5.81211562e-16  1.24953548e+03
  1356  6.69385098e-16  1.45622365e+03
  1364  7.09041275e-16  1.56074173e+03
  1372  5.83317339e-16  1.29909837e+03
  1380  6.30892797e-16  1.42148028e+03
  1388  1.06347337e-15  2.42399007e+03
  1396  1.05527907e-15  2.43310949e+03
  1404  9.98401652e-16  2.32841950e+03
  1412  1.14398184e-15  2.69841345e+03
  1420  9.97939914e-16  2.38067066e+03
  1428  1.17721041e-15  2.84005686e+03
  1436  1.02287010e-15  2.49542314e+03
  1444  9.69158263e-16  2.39079450e+03
  1452  1.25176043e-15  3.12223763e+03
  1460  5.70524600e-16  1.43876529e+03
  1468  1.09364172e-15  2.78827384e+03
  1476  1.40459789e-15  3.62019004e+03
  1484  6.46136108e-16  1.68343701e+03
  1492  1.13383492e-15  2.98600796e+03
  1500  1.11281632e-15  2.96215611e+03
  1512  6.03862652e-16  1.63320761e+03
  1524  9.99207498e-16  2.74550981e+03
  1536  6.40178872e-16  1.78681226e+03
  1548  7.88402756e-16  2.23502823e+03
  1560  7.43852158e-16  2.14154218e+03
  1572  5.37245417e-16  1.57060324e+03
  1584  4.64814306e-16  1.37967386e+03
  1596  4.43076106e-16  1.33514563e+03
  1608  4.02466620e-16  1.23107485e+03
  1620  2.88388275e-16  8.95340301e+02
  1632  3.87142444e-16  1.21980281e+03
  1644  3.49950895e-16  1.11888983e+03
  1656  6.08308675e-16  1.97341923e+03
  1668  4.53097299e-16  1.49127027e+03
  1680  5.72660129e-16  1.91199365e+03
  1692  4.26777153e-16  1.44534320e+03
  1704  6.29482011e-16  2.16216982e+03
  1716  3.20545008e-16  1.11657809e+03
  1728  8.28594311e-16  2.92680092e+03
  1740  7.05753410e-16  2.52763005e+03
  1752  8.29645690e-16  3.01245927e+03
  1764  6.53871848e-16  2.40684673e+03
  1776  2.31648344e-16  8.64315086e+02
  1788  6.96382526e-16  2.63352972e+03
  1800  6.22078996e-16  2.38420866e+03
  1812  2.78709309e-16  1.08248024e+03
  1824  5.43017788e-16  2.13704793e+03
  1836  3.81882369e-16  1.52273365e+03
  1848  3.94924374e-16  1.59538432e+03
  1860  3.60753529e-16  1.47632648e+03
  1872  1.72005260e-16  7.13013667e+02
  1884  2.97154219e-16  1.24763244e+03
  1896  2.24827770e-16  9.56022516e+02
  1908  1.01870992e-16  4.38679497e+02
  1920  1.96780868e-16  8.58072472e+02
  1932  1.18805781e-16  5.24552612e+02
  1944  1.04848921e-16  4.68697176e+02
  1956  1.18100586e-16  5.34471108e+02
  1968  1.23511221e-16  5.65834898e+02
  1980  1.20877359e-16  5.60540675e+02
  1992  1.02064830e-16  4.79054863e+02
  2004  1.56515423e-16  7.43501309e+02
  2016  9.88114226e-17  4.75024579e+02
  2028  1.51323932e-16  7.36156444e+02
  2040  1.77665690e-16  8.74559262e+02
  2052  1.13426473e-16  5.64928180e+02
  2064  2.29621791e-16  1.15705860e+03
  2076  1.87629762e-16  9.56484812e+02
  2088  1.21425323e-16  6.26167764e+02
  2100  2.61752583e-16  1.36536519e+03
  2112  1.63837811e-16  8.64410537e+02
  2124  6.57896512e-17  3.51061768e+02
  2136  1.88936985e-16  1.01961275e+03
  2148  1.26213071e-16  6.88791105e+02
  2160  7.11175745e-17  3.92462313e+02
  2172  7.71637883e-17  4.30571810e+02
  2184  9.87578213e-17  5.57170456e+02
  2196  6.96658791e-17  3.97369947e+02
  2208  7.11316895e-17  4.10176158e+02
  2220  4.68297749e-17  2.72983318e+02
  2232  7.66359676e-17  4.51573100e+02
  2244  3.85082056e-17  2.29353295e+02
  2256  8.04201337e-17  4.84114342e+02
  2268  9.23978148e-17  5.62149399e+02
  2280  7.52316333e-17  4.62565382e+02
  2292  8.95469997e-17  5.56393710e+02
  2304  4.00770827e-17  2.51629763e+02
  2316  7.08591963e-17  4.49545149e+02
  2328  6.82447762e-17  4.37456005e+02
  2340  1.42887298e-16  9.25387012e+02
  2352  1.13361913e-16  7.41718167e+02
  2364  5.07441557e-17  3.35410885e+02
  2376  1.20376656e-16  8.03767420e+02
  2388  7.51763578e-17  5.07042377e+02
  2400  8.00619777e-17  5.45434017e+02
  2412  5.43159679e-17  3.73744364e+02
  2424  1.20337230e-16  8.36289939e+02
  2436  4.55378776e-17  3.19608340e+02
  2448  1.64907157e-17  1.16883231e+02
  2460  5.87497221e-17  4.20499072e+02
  2472  5.13265901e-17  3.70960356e+02
  2484  3.42134044e-17  2.49681739e+02
  2496  1.35107562e-17  9.95532138e+01
