# ell  C_l  D_l[muK^2]
     2  7.99940456e-10  5.67441919e+03
     3  3.94567086e-10  5.59776426e+03
     4  2.34282076e-10  5.53964028e+03
     5  1.55067296e-10  5.49988960e+03
     6  1.10135430e-10  5.46875976e+03
     7  8.22019616e-11  5.44230294e+03
     8  6.36567027e-11  5.41862555e+03
     9  5.07192247e-11  5.39669185e+03
    10  4.13374669e-11  5.37587361e+03
    11  3.43189983e-11  5.35575915e+03
    12  2.89324559e-11  5.33608087e+03
    13  2.47089723e-11  5.31665616e+03
    14  2.13366791e-11  5.29734947e+03
    15  1.86016193e-11  5.27806213e+03
    16  1.63530834e-11  5.25873226e+03
    17  1.44823867e-11  5.23930970e+03
    18  1.29095497e-11  5.21975002e+03
    19  1.15747118e-11  5.20003524e+03
    20  1.04323056e-11  5.18014712e+03
    21  9.44717105e-12  5.16007791e+03
    22  8.59182055e-12  5.13982366e+03
    23  7.84450908e-12  5.11937982e+03
    24  7.18786552e-12  5.09874976e+03
    25  6.60786743e-12  5.07793553e+03
    26  6.09309542e-12  5.05693762e+03
    27  5.63418682e-12  5.03576603e+03
    28  5.22339876e-12  5.01443164e+03
    29  4.85427964e-12  4.99294231e+03
    30  4.52142604e-12  4.97131044e+03
    32  3.94695816e-12  4.92763970e+03
    34  3.47114369e-12  4.88350974e+03
    36  3.07283484e-12  4.83900363e+03
    38  2.73626094e-12  4.79422286e+03
    40  2.44944607e-12  4.74924129e+03
    42  2.20319518e-12  4.70417232e+03
    44  1.99031728e-12  4.65907829e+03
    46  1.80515808e-12  4.61406207e+03
    48  1.64320092e-12  4.56920340e+03
    50  1.50080576e-12  4.52456855e+03
    52  1.37502263e-12  4.48024295e+03
    54  1.26343540e-12  4.43631110e+03
    56  1.16403869e-12  4.39281387e+03
    58  1.07517762e-12  4.34983442e+03
    60  9.95462942e-13  4.30743455e+03
    62  9.23728110e-13  4.26568619e+03
    64  8.58979827e-13  4.22463117e+03
    66  8.00374214e-13  4.18431461e+03
    68  7.47192311e-13  4.14479353e+03
    70  6.98814907e-13  4.10611448e+03
    72  6.54706612e-13  4.06831515e+03
    74  6.14404836e-13  4.03143918e+03
    76  5.77505215e-13  3.99551469e+03
    78  5.43656165e-13  3.96057750e+03
    80  5.12549458e-13  3.92665991e+03
    82  4.83913043e-13  3.89378329e+03
    84  4.57507839e-13  3.86197320e+03
    86  4.33121940e-13  3.83124912e+03
    88  4.10567513e-13  3.80162929e+03
    90  3.89677143e-13  3.77312627e+03
    92  3.70301530e-13  3.74574999e+03
    94  3.52307382e-13  3.71950979e+03
    96  3.35575657e-13  3.69441706e+03
    98  3.19998688e-13  3.67047248e+03
   100  3.05479832e-13  3.64767739e+03
   104  2.79275858e-13  3.60552522e+03
   108  2.56362155e-13  3.56793284e+03
   112  2.36243788e-13  3.53483680e+03
   116  2.18510195e-13  3.50613036e+03
   120  2.02820323e-13  3.48169393e+03
   124  1.88887795e-13  3.46137059e+03
   128  1.76471796e-13  3.44498622e+03
   132  1.65368590e-13  3.43234631e+03
   136  1.55404846e-13  3.42323361e+03
   140  1.46432937e-13  3.41742054e+03
   144  1.38326277e-13  3.41466173e+03
   148  1.30976216e-13  3.41470293e+03
   152  1.24289208e-13  3.41728297e+03
   156  1.18184495e-13  3.42213596e+03
   160  1.12591833e-13  3.42898237e+03
   164  1.07450617e-13  3.43755149e+03
   168  1.02707976e-13  3.44756659e+03
   172  9.83178213e-14  3.45875102e+03
   176  9.42400179e-14  3.47083364e+03
   180  9.04394861e-14  3.48354697e+03
   184  8.68854189e-14  3.49662417e+03
   188  8.35510672e-14  3.50981446e+03
   192  8.04128161e-14  3.52286754e+03
   196  7.74499143e-14  3.53553991e+03
   200  7.46442498e-14  3.54760220e+03
   204  7.19799541e-14  3.55883701e+03
   208  6.94429189e-14  3.56902913e+03
   212  6.70208454e-14  3.57797968e+03
   216  6.47028671e-14  3.58549825e+03
   220  6.24795664e-14  3.59141395e+03
   224  6.03424137e-14  3.59555320e+03
   228  5.82841163e-14  3.59776713e+03
   232  5.62981299e-14  3.59791070e+03
   236  5.43787967e-14  3.59585729e+03
   240  5.25210250e-14  3.59148438e+03
   244  5.07205145e-14  3.58469380e+03
   248  4.89732474e-14  3.57538188e+03
   252  4.72759284e-14  3.56347432e+03
   256  4.56254944e-14  3.54889522e+03
   260  4.40193483e-14  3.53158748e+03
   264  4.24552102e-14  3.51150508e+03
   268  4.09310173e-14  3.48860755e+03
   272  3.94450264e-14  3.46287095e+03
   276  3.79957015e-14  3.43428096e+03
   280  3.65818263e-14  3.40284556e+03
   284  3.52020289e-14  3.36855312e+03
   288  3.38555717e-14  3.33144760e+03
   292  3.25413922e-14  3.29153976e+03
   296  3.12588918e-14  3.24888428e+03
   300  3.00073598e-14  3.20352443e+03
   304  2.87862863e-14  3.15552458e+03
   308  2.75952990e-14  3.10496568e+03
   312  2.64339900e-14  3.05192711e+03
   316  2.53020928e-14  2.99650698e+03
   320  2.41993150e-14  2.93880376e+03
   324  2.31255111e-14  2.87893735e+03
   328  2.20805030e-14  2.81702829e+03
   332  2.10642283e-14  2.75321656e+03
   336  2.00766053e-14  2.68764537e+03
   340  1.91175132e-14  2.62045798e+03
   344  1.81869793e-14  2.55182339e+03
   348  1.72849348e-14  2.48190366e+03
   352  1.64113617e-14  2.41087387e+03
   356  1.55662930e-14  2.33892296e+03
   360  1.47496700e-14  2.26623275e+03
   364  1.39614920e-14  2.19299976e+03
   368  1.32016944e-14  2.11941675e+03
   372  1.24702654e-14  2.04569071e+03
   376  1.17671463e-14  1.97202699e+03
   380  1.10922134e-14  1.89862542e+03
   384  1.04453889e-14  1.82569856e+03
   388  9.82657510e-15  1.75346059e+03
   392  9.23557302e-15  1.68211223e+03
   396  8.67219293e-15  1.61185930e+03
   400  8.13623270e-15  1.54290871e+03
   404  7.62743811e-15  1.47546049e+03
   408  7.14550535e-15  1.40970722e+03
   412  6.69011062e-15  1.34583888e+03
   416  6.26091687e-15  1.28404377e+03
   420  5.85749658e-15  1.22449195e+03
   424  5.47942831e-15  1.16735390e+03
   428  5.12624924e-15  1.11279018e+03
   432  4.79744289e-15  1.06094766e+03
   436  4.49243375e-15  1.01195712e+03
   440  4.21067678e-15  9.65952288e+02
   444  3.95153444e-15  9.23041564e+02
   448  3.71437659e-15  8.83329620e+02
   452  3.49850829e-15  8.46899835e+02
   456  3.30321123e-15  8.13822877e+02
   460  3.12775674e-15  7.84159178e+02
   464  2.97137793e-15  7.57951351e+02
   468  2.83329924e-15  7.35230722e+02
   472  2.71270271e-15  7.16007952e+02
   476  2.60877169e-15  7.00283525e+02
   480  2.52065017e-15  6.88036367e+02
   484  2.44749220e-15  6.79236353e+02
   488  2.38843227e-15  6.73835855e+02
   492  2.34259279e-15  6.71771120e+02
   496  2.30910697e-15  6.72968322e+02
   500  2.28708330e-15  6.77332972e+02
   508  2.27395815e-15  6.95146702e+02
   516  2.29624752e-15  7.24221559e+02
   524  2.34715554e-15  7.63387360e+02
   532  2.42011709e-15  8.11311673e+02
   540  2.50886803e-15  8.66525500e+02
   548  2.60751922e-15  9.27455166e+02
   556  2.71063118e-15  9.92459790e+02
   564  2.81328526e-15  1.05987299e+03
   572  2.91102171e-15  1.12799870e+03
   580  2.99999130e-15  1.19518910e+03
   588  3.07693274e-15  1.25986244e+03
   596  3.13915679e-15  1.32052341e+03
   604  3.18454058e-15  1.37578828e+03
   612  3.21159393e-15  1.42444285e+03
   620  3.21935055e-15  1.46542657e+03
   628  3.20735681e-15  1.49785602e+03
   636  3.17569705e-15  1.52106621e+03
   644  3.12490397e-15  1.53459848e+03
   652  3.05589270e-15  1.53819495e+03
   660  2.96995105e-15  1.53181808e+03
   668  2.86865444e-15  1.51563045e+03
   676  2.75389887e-15  1.49003290e+03
   684  2.62768249e-15  1.45556654e+03
   692  2.49218048e-15  1.41296474e+03
   700  2.34966769e-15  1.36312288e+03
   708  2.20245041e-15  1.30706786e+03
   716  2.05278480e-15  1.24591411e+03
   724  1.90289572e-15  1.18087537e+03
   732  1.75489963e-15  1.11321703e+03
   740  1.61078270e-15  1.04423775e+03
   748  1.47232028e-15  9.75210154e+02
   756  1.34112289e-15  9.07399956e+02
   764  1.21858589e-15  8.42022009e+02
   772  1.10587628e-15  7.80217780e+02
   780  1.00388525e-15  7.23006521e+02
   788  9.13278237e-16  6.71303380e+02
   796  8.34476853e-16  6.25890253e+02
   804  7.67666386e-16  5.87404079e+02
   812  7.12792573e-16  5.56316890e+02
   820  6.69583040e-16  5.32934651e+02
   828  6.37573241e-16  5.17401225e+02
   836  6.16120119e-16  5.09694129e+02
   844  6.04423600e-16  5.09627756e+02
   852  6.01557770e-16  5.16866603e+02
   860  6.06476278e-16  5.30918582e+02
   868  6.18068930e-16  5.51174248e+02
   876  6.35163379e-16  5.76901481e+02
   884  6.56561495e-16  6.07272269e+02
   892  6.81072194e-16  6.41389679e+02
   900  7.07505180e-16  6.78280652e+02
   908  7.34734431e-16  7.16956206e+02
   916  7.61691890e-16  7.56408926e+02
   924  7.87377581e-16  7.95626525e+02
   932  8.10901169e-16  8.33638929e+02
   940  8.31464164e-16  8.69507870e+02
   948  8.48401858e-16  9.02378346e+02
   956  8.61179509e-16  9.31485336e+02
   964  8.69370635e-16  9.56140730e+02
   972  8.72679623e-16  9.75767715e+02
   980  8.70930076e-16  9.89898978e+02
   988  8.64088856e-16  9.98215122e+02
   996  8.52242994e-16  1.00053075e+03
  1004  8.35576615e-16  9.96778257e+02
  1012  8.14376333e-16  9.87023758e+02
  1020  7.88986732e-16  9.71422411e+02
  1028  7.59853934e-16  9.50278952e+02
  1036  7.27497858e-16  9.24022901e+02
  1044  6.92484374e-16  8.93180580e+02
  1052  6.55396507e-16  8.58342740e+02
  1060  6.16836180e-16  8.20169457e+02
  1068  5.77403461e-16  7.79364904e+02
  1076  5.37702021e-16  7.36685544e+02
  1084  4.98331876e-16  6.92931322e+02
  1092  4.59857628e-16  6.48901383e+02
  1100  4.22791599e-16  6.05367160e+02
  1108  3.87598015e-16  5.63073846e+02
  1116  3.54675962e-16  5.22710985e+02
  1124  3.24372326e-16  4.84925624e+02
  1132  2.96979545e-16  4.50313927e+02
  1140  2.72709934e-16  4.19376371e+02
  1148  2.51712728e-16  3.92536095e+02
  1156  2.34057994e-16  3.70106895e+02
  1164  2.19751660e-16  3.52308868e+02
  1172  2.08733019e-16  3.39257363e+02
  1180  2.00888514e-16  3.30978297e+02
  1188  1.96043949e-16  3.27389120e+02
  1196  1.93983330e-16  3.28323708e+02
  1204  1.94442170e-16  3.33515865e+02
  1212  1.97123704e-16  3.42621630e+02
  1220  2.01704167e-16  3.55224466e+02
  1228  2.07842086e-16  3.70848261e+02
  1236  2.15181534e-16  3.88960655e+02
  1244  2.23367988e-16  4.08999869e+02
  1252  2.32049467e-16  4.30376431e+02
  1260  2.40885159e-16  4.52489160e+02
  1268  2.49546653e-16  4.74728308e+02
  1276  2.57729494e-16  4.96498793e+02
  1284  2.65161308e-16  5.17238459e+02
  1292  2.71604688e-16  5.36427217e+02
  1300  2.76857325e-16  5.53591191e+02
  1308  2.80752538e-16  5.68307759e+02
  1316  2.83158509e-16  5.80208096e+02
  1324  2.83988071e-16  5.89001589e+02
  1332  2.83180320e-16  5.94442629e+02
  1340  2.80725221e-16  5.96386100e+02
  1348  2.76655969e-16  5.94777308e+02
  1356  2.71040193e-16  5.89638374e+02
  1364  2.63978586e-16  5.81069692e+02
  1372  2.55589360e-16  5.69219701e+02
  1380  2.46015452e-16  5.54303544e+02
  1388  2.35412717e-16  5.36579574e+02
  1396  2.23958926e-16  5.16372024e+02
  1404  2.11843721e-16  4.94050715e+02
  1412  1.99275764e-16  4.70049771e+02
  1420  1.86459917e-16  4.44816013e+02
  1428  1.73597431e-16  4.18809219e+02
  1436  1.60876571e-16  3.92479080e+02
  1444  1.48476233e-16  3.66272646e+02
  1452  1.36559022e-16  3.40616070e+02
  1460  1.25273049e-16  3.15917166e+02
  1468  1.14751233e-16  2.92561865e+02
  1476  1.05111376e-16  2.70912521e+02
  1484  9.64452691e-17  2.51277607e+02
  1492  8.88221579e-17  2.33917361e+02
  1500  8.22865046e-17  2.19034775e+02
  1512  7.45584605e-17  2.01650896e+02
  1524  6.92908817e-17  1.90389680e+02
  1536  6.63558199e-17  1.85206663e+02
  1548  6.55367126e-17  1.85788801e+02
  1560  6.65430870e-17  1.91576816e+02
  1572  6.90250060e-17  2.01790270e+02
  1584  7.25977381e-17  2.15486485e+02
  1596  7.68542705e-17  2.31589205e+02
  1608  8.13935995e-17  2.48968755e+02
  1620  8.58394108e-17  2.66500030e+02
  1632  8.98521433e-17  2.83104834e+02
  1644  9.31383201e-17  2.97788979e+02
  1656  9.54588794e-17  3.09678944e+02
  1668  9.66363743e-17  3.18057407e+02
  1680  9.65697962e-17  3.22426563e+02
  1692  9.52393126e-17  3.22541850e+02
  1704  9.26887971e-17  3.18371163e+02
  1716  8.90096367e-17  3.10053838e+02
  1728  8.43370390e-17  2.97899370e+02
  1740  7.88415289e-17  2.82368054e+02
  1752  7.27270297e-17  2.64073227e+02
  1764  6.62312002e-17  2.43791422e+02
  1776  5.95973838e-17  2.22366873e+02
  1788  5.30530153e-17  2.00632106e+02
  1800  4.68055716e-17  1.79389193e+02
  1812  4.10325491e-17  1.59366487e+02
  1824  3.58813678e-17  1.41211217e+02
  1836  3.14668405e-17  1.25472190e+02
  1848  2.78693957e-17  1.12584586e+02
  1860  2.51265508e-17  1.02826416e+02
  1872  2.32359484e-17  9.63200125e+01
  1884  2.21560195e-17  9.30243182e+01
  1896  2.18139737e-17  9.27583368e+01
  1908  2.21093896e-17  9.52080251e+01
  1920  2.29223444e-17  9.99539891e+01
  1932  2.41207885e-17  1.06498375e+02
  1944  2.55668160e-17  1.14289154e+02
  1956  2.71229231e-17  1.22746374e+02
  1968  2.86575334e-17  1.31287120e+02
  1980  3.00493276e-17  1.39346777e+02
  1992  3.11919254e-17  1.46403453e+02
  2004  3.20022547e-17  1.52021557e+02
  2016  3.24254171e-17  1.55881473e+02
  2028  3.24307475e-17  1.57768196e+02
  2040  3.20084122e-17  1.57561392e+02
  2052  3.11677850e-17  1.55233250e+02
  2064  2.99356697e-17  1.50845108e+02
  2076  2.83550069e-17  1.44546010e+02
  2088  2.64830740e-17  1.36568278e+02
  2100  2.43944099e-17  1.27247181e+02
  2112  2.21732000e-17  1.16986107e+02
  2124  1.99028688e-17  1.06204185e+02
  2136  1.76614360e-17  9.53112767e+01
  2148  1.55193393e-17  8.46947373e+01
  2160  1.35372342e-17  7.47052229e+01
  2172  1.17649708e-17  6.56482126e+01
  2184  1.02408922e-17  5.77769184e+01
  2196  8.99191152e-18  5.12893177e+01
  2208  8.03181125e-18  4.63149056e+01
  2220  7.36057569e-18  4.29067698e+01
  2232  6.96565816e-18  4.10447463e+01
  2244  6.82282516e-18  4.06364672e+01
  2256  6.89854362e-18  4.15279577e+01
  2268  7.15175891e-18  4.35113859e+01
  2280  7.53715807e-18  4.63425855e+01
  2292  8.00792393e-18  4.97566476e+01
  2304  8.51732574e-18  5.34772623e+01
  2316  9.02206556e-18  5.72378183e+01
  2328  9.48366625e-18  6.07912720e+01
  2340  9.86699333e-18  6.39020234e+01
  2352  1.01443213e-17  6.63735042e+01
  2364  1.02938020e-17  6.80404115e+01
  2376  1.03010224e-17  6.87809953e+01
  2388  1.01606656e-17  6.85306949e+01
  2400  9.87716683e-18  6.72896540e+01
  2412  9.46426804e-18  6.51229644e+01
  2424  8.93993066e-18  6.21285207e+01
  2436  8.32504926e-18  5.84294946e+01
  2448  7.64375187e-18  5.41775403e+01
  2460  6.91924671e-18  4.95242653e+01
  2472  6.17638641e-18  4.46395230e+01
  2484  5.43942845e-18  3.96957268e+01
  2496  4.73032250e-18  3.48551036e+01
