# ell  C_l  D_l[muK^2]
     2  4.08194756e-10  2.89555071e+03
     3  1.71521283e-10  2.43339027e+03
     4  9.31750510e-11  2.20314022e+03
     5  5.84477189e-11  2.07300966e+03
     6  4.03066643e-11  2.00142192e+03
     7  2.95621409e-11  1.95720544e+03
     8  2.25968654e-11  1.92350446e+03
     9  1.79829571e-11  1.91344561e+03
    10  1.47035110e-11  1.91216885e+03
    11  1.22751314e-11  1.91563422e+03
    12  1.04844527e-11  1.93367227e+03
    13  8.98717992e-12  1.93378118e+03
    14  7.95327346e-12  1.97459355e+03
    15  6.92605435e-12  1.96521306e+03
    16  6.33082345e-12  2.03583047e+03
    17  5.54063306e-12  2.00444119e+03
    18  5.19124977e-12  2.09899080e+03
    19  4.58942259e-12  2.06183615e+03
    20  4.34082804e-12  2.15543225e+03
    21  3.91706372e-12  2.13951392e+03
    22  3.68550069e-12  2.20475085e+03
    23  3.42527330e-12  2.23535658e+03
    24  3.18719075e-12  2.26085032e+03
    25  3.02826145e-12  2.32712241e+03
    26  2.80564396e-12  2.32853180e+03
    27  2.71029249e-12  2.42242568e+03
    28  2.47274813e-12  2.37382345e+03
    29  2.46880641e-12  2.53932795e+03
    30  2.18251090e-12  2.39967195e+03
    32  2.00196240e-12  2.49938028e+03
    34  1.89762941e-12  2.66975167e+03
    36  1.76928502e-12  2.78621439e+03
    38  1.67666564e-12  2.93769817e+03
    40  1.55240556e-12  3.00996566e+03
    42  1.36042718e-12  2.90472853e+03
    44  1.30959978e-12  3.06560565e+03
    46  1.19410861e-12  3.05219323e+03
    48  1.21899507e-12  3.38962590e+03
    50  1.18907423e-12  3.58477293e+03
    52  1.10527028e-12  3.60130754e+03
    54  1.00843715e-12  3.54093365e+03
    56  9.37825013e-13  3.53913557e+03
    58  9.32071369e-13  3.77087101e+03
    60  9.77822207e-13  4.23110191e+03
    62  9.55729636e-13  4.41346611e+03
    64  8.55819213e-13  4.20908666e+03
    66  8.07495889e-13  4.22154636e+03
    68  8.36472818e-13  4.64004658e+03
    70  8.59874292e-13  5.05247133e+03
    72  7.67470831e-13  4.76902654e+03
    74  7.04347279e-13  4.62159973e+03
    76  7.77827076e-13  5.38145705e+03
    78  8.09195376e-13  5.89505132e+03
    80  7.38218948e-13  5.65552203e+03
    82  6.80019084e-13  5.47174122e+03
    84  7.61197529e-13  6.42551713e+03
    86  7.34447713e-13  6.49667425e+03
    88  6.27853618e-13  5.81357908e+03
    90  6.81508723e-13  6.59884345e+03
    92  7.45884095e-13  7.54491978e+03
    94  6.51836495e-13  6.88180932e+03
    96  6.44686886e-13  7.09748213e+03
    98  7.19479272e-13  8.25262405e+03
   100  6.47267233e-13  7.72889666e+03
   104  7.25355811e-13  9.36453543e+03
   108  6.02916751e-13  8.39112340e+03
   112  6.01978374e-13  9.00720112e+03
   116  7.02500612e-13  1.12720540e+04
   120  6.47763310e-13  1.11197613e+04
   124  5.83302232e-13  1.06890188e+04
   128  5.78094809e-13  1.12852518e+04
   132  6.41752602e-13  1.33200457e+04
   136  6.59296673e-13  1.45228839e+04
   140  6.33384350e-13  1.47817884e+04
   144  5.84586253e-13  1.44308395e+04
   148  5.27368351e-13  1.37491089e+04
   152  5.29365993e-13  1.45547102e+04
   156  5.27533746e-13  1.52752034e+04
   160  5.35161596e-13  1.62983374e+04
   164  5.53580077e-13  1.77100892e+04
   168  5.47841232e-13  1.83892157e+04
   172  5.54056367e-13  1.94913089e+04
   176  5.34881005e-13  1.96995186e+04
   180  5.31951382e-13  2.04896965e+04
   184  5.10419940e-13  2.05413834e+04
   188  4.83064597e-13  2.02925847e+04
   192  4.67841586e-13  2.04960355e+04
   196  4.26921898e-13  1.94887163e+04
   200  4.05657306e-13  1.92795929e+04
   204  3.87666814e-13  1.91670448e+04
   208  3.59951489e-13  1.84997602e+04
   212  3.82832844e-13  2.04379418e+04
   216  3.88590662e-13  2.15336847e+04
   220  3.90979268e-13  2.24740420e+04
   224  3.77979440e-13  2.25222211e+04
   228  3.55325199e-13  2.19335456e+04
   232  2.90280278e-13  1.85512826e+04
   236  2.73953928e-13  1.81155025e+04
   240  2.87526161e-13  1.96615682e+04
   244  3.07984486e-13  2.17669338e+04
   248  2.79911755e-13  2.04354718e+04
   252  2.27214975e-13  1.71265749e+04
   256  2.18564384e-13  1.70006288e+04
   260  2.31349038e-13  1.85606875e+04
   264  2.38255623e-13  1.97063170e+04
   268  1.89839531e-13  1.61802874e+04
   272  1.65082859e-13  1.44925910e+04
   276  1.76576567e-13  1.59600565e+04
   280  1.80378065e-13  1.67787877e+04
   284  1.59574976e-13  1.52700512e+04
   288  1.38911018e-13  1.36690877e+04
   292  1.46183114e-13  1.47863229e+04
   296  1.25583978e-13  1.30525360e+04
   300  1.00766509e-13  1.07576266e+04
   304  1.10085884e-13  1.20675070e+04
   308  1.09707111e-13  1.23440161e+04
   312  8.99293796e-14  1.03827652e+04
   316  1.00095422e-13  1.18542222e+04
   320  9.92021949e-14  1.20472742e+04
   324  7.95023769e-14  9.89739695e+03
   328  8.62532769e-14  1.10041842e+04
   332  7.84433147e-14  1.02529953e+04
   336  6.89416989e-14  9.22919163e+03
   340  6.59289518e-14  9.03695191e+03
   344  6.28219197e-14  8.81457232e+03
   348  5.86651428e-14  8.42359169e+03
   352  5.56339879e-14  8.17278483e+03
   356  5.05895442e-14  7.60136322e+03
   360  5.28553302e-14  8.12102781e+03
   364  5.34628257e-14  8.39766723e+03
   368  4.65389649e-14  7.47142444e+03
   372  5.05895544e-14  8.29898787e+03
   376  5.14446612e-14  8.62148370e+03
   380  5.24903844e-14  8.98464310e+03
   384  5.45591675e-14  9.53613067e+03
   388  5.03412958e-14  8.98293426e+03
   392  5.59461501e-14  1.01896984e+04
   396  5.33308071e-14  9.91234372e+03
   400  5.75895803e-14  1.09209591e+04
   404  4.70186634e-14  9.09534489e+03
   408  5.22755260e-14  1.03132225e+04
   412  4.12972404e-14  8.30769998e+03
   416  4.78769348e-14  9.81902188e+03
   420  4.64211663e-14  9.70420447e+03
   424  5.15407080e-14  1.09803876e+04
   428  5.15790346e-14  1.11966158e+04
   432  5.97977817e-14  1.32241943e+04
   436  5.61280961e-14  1.26433087e+04
   440  5.79505451e-14  1.32941721e+04
   444  5.27172707e-14  1.23142624e+04
   448  5.63960601e-14  1.34117554e+04
   452  4.67941149e-14  1.13276645e+04
   456  6.21943428e-14  1.53230222e+04
   460  5.27814012e-14  1.32328130e+04
   464  6.91011172e-14  1.76265983e+04
   468  4.53547654e-14  1.17693946e+04
   472  6.38032650e-14  1.68406382e+04
   476  4.35999368e-14  1.17037139e+04
   480  6.36173446e-14  1.73649827e+04
   484  5.14080559e-14  1.42669384e+04
   488  6.16201358e-14  1.73845653e+04
   492  5.53930240e-14  1.58847214e+04
   496  4.86083274e-14  1.41664570e+04
   500  5.95889644e-14  1.76476171e+04
   508  6.48541279e-14  1.98258412e+04
   516  5.31155184e-14  1.67522897e+04
   524  4.46796056e-14  1.45315662e+04
   532  3.57921294e-14  1.19988295e+04
   540  3.85219200e-14  1.33048951e+04
   548  4.30489384e-14  1.53118566e+04
   556  4.39625143e-14  1.60962613e+04
   564  3.09146087e-14  1.16467247e+04
   572  2.73402703e-14  1.05941461e+04
   580  2.91564190e-14  1.16158451e+04
   588  3.06527163e-14  1.25508775e+04
   596  2.28479396e-14  9.61125581e+03
   604  1.75927778e-14  7.60044873e+03
   612  1.82773227e-14  8.10656707e+03
   620  1.71718007e-14  7.81648741e+03
   628  1.57300524e-14  7.34603446e+03
   636  1.57811606e-14  7.55871538e+03
   644  1.11207438e-14  5.46124831e+03
   652  1.06113399e-14  5.34125741e+03
   660  1.38386464e-14  7.13758860e+03
   668  1.27237325e-14  6.72248150e+03
   676  9.42757157e-15  5.10091054e+03
   684  1.11492397e-14  6.17595938e+03
   692  1.44559420e-14  8.19592981e+03
   700  1.24872655e-14  7.24429134e+03
   708  1.09489961e-14  6.49779935e+03
   716  1.15211397e-14  6.99262318e+03
   724  1.25776354e-14  7.80527267e+03
   732  1.72859028e-14  1.09652775e+04
   740  1.60281537e-14  1.03907269e+04
   748  1.52344737e-14  1.00907483e+04
   756  1.59663593e-14  1.08027936e+04
   764  1.22523680e-14  8.46617674e+03
   772  1.81733900e-14  1.28216892e+04
   780  1.26217642e-14  9.09029970e+03
   788  1.93338540e-14  1.42113115e+04
   796  1.54667488e-14  1.16006660e+04
   804  1.83349853e-14  1.40295906e+04
   812  1.81710912e-14  1.41820851e+04
   820  1.62718688e-14  1.29511087e+04
   828  1.96415065e-14  1.59394072e+04
   836  1.35839402e-14  1.12375077e+04
   844  1.78240110e-14  1.50285507e+04
   852  1.02895792e-14  8.84094615e+03
   860  1.57761767e-14  1.38107056e+04
   868  9.82894914e-15  8.76514478e+03
   876  1.36189074e-14  1.23696802e+04
   884  7.18280128e-15  6.64357575e+03
   892  1.14365762e-14  1.07702267e+04
   900  6.98565139e-15  6.69709892e+03
   908  9.19434190e-15  8.97186821e+03
   916  4.85020256e-15  4.81656239e+03
   924  7.98212170e-15  8.06574623e+03
   932  4.56459830e-15  4.69259015e+03
   940  5.13960958e-15  5.37477280e+03
   948  5.25381249e-15  5.58806723e+03
   956  4.46416560e-15  4.82861558e+03
   964  3.25314163e-15  3.57783100e+03
   972  4.20433528e-15  4.70098593e+03
   980  3.63798957e-15  4.13493833e+03
   988  3.43383472e-15  3.96684406e+03
   996  2.40408766e-15  2.82239179e+03
  1004  3.75521723e-15  4.47968364e+03
  1012  3.78388549e-15  4.58606755e+03
  1020  2.93633098e-15  3.61529238e+03
  1028  3.72221175e-15  4.65502555e+03
  1036  4.66140569e-15  5.92062996e+03
  1044  5.35596593e-15  6.90823495e+03
  1052  4.62890461e-15  6.06226402e+03
  1060  2.61967174e-15  3.48321777e+03
  1068  4.16520829e-15  5.62209508e+03
  1076  4.55671242e-15  6.24298224e+03
  1084  6.60890935e-15  9.18969970e+03
  1092  5.74847422e-15  8.11162552e+03
  1100  3.48982021e-15  4.99684137e+03
  1108  5.26947497e-15  7.65510509e+03
  1116  3.84153201e-15  5.66153672e+03
  1124  6.30791789e-15  9.43012326e+03
  1132  4.88391871e-15  7.40554913e+03
  1140  3.50234423e-15  5.38594394e+03
  1148  5.44469772e-15  8.49079185e+03
  1156  3.82262962e-15  6.04457705e+03
  1164  4.91398075e-15  7.87816117e+03
  1172  3.43190285e-15  5.57793069e+03
  1180  2.31737965e-15  3.81804989e+03
  1188  4.71121462e-15  7.86762566e+03
  1196  2.59822317e-15  4.39758543e+03
  1204  2.41094524e-15  4.13536059e+03
  1212  3.12993878e-15  5.44016120e+03
  1220  1.77091518e-15  3.11878732e+03
  1228  2.29422283e-15  4.09353352e+03
  1236  1.78763911e-15  3.23132411e+03
  1244  1.35527855e-15  2.48159440e+03
  1252  1.50036418e-15  2.78268848e+03
  1260  1.20202837e-15  2.25794238e+03
  1268  1.37216987e-15  2.61036513e+03
  1276  8.58670809e-16  1.65417242e+03
  1284  9.63584046e-16  1.87962086e+03
  1292  1.28077946e-15  2.52957696e+03
  1300  1.00876023e-15  2.01707063e+03
  1308  7.50661985e-16  1.51951264e+03
  1316  1.18726935e-15  2.43278330e+03
  1324  1.31264061e-15  2.72246436e+03
  1332  8.96990103e-16  1.88293154e+03
  1340  1.05351766e-15  2.23814336e+03
  1348  1.43462002e-15  3.08426179e+03
  1356  1.08439159e-15  2.35905563e+03
  1364  1.26854968e-15  2.79233170e+03
  1372  1.65377169e-15  3.68309318e+03
  1380  1.09263989e-15  2.46185416e+03
  1388  1.92516168e-15  4.38804856e+03
  1396  2.27863404e-15  5.25374402e+03
  1404  1.56144351e-15  3.64151592e+03
  1412  2.17950132e-15  5.14098693e+03
  1420  2.39494945e-15  5.71335589e+03
  1428  2.06501614e-15  4.98191589e+03
  1436  1.80751537e-15  4.40966615e+03
  1444  1.97216566e-15  4.86509065e+03
  1452  2.17539639e-15  5.42604184e+03
  1460  1.03570541e-15  2.61187158e+03
  1468  1.66644235e-15  4.24864701e+03
  1476  2.25095533e-15  5.80157931e+03
  1484  7.33731650e-16  1.91165762e+03
  1492  1.52928559e-15  4.02744604e+03
  1500  1.86696904e-15  4.96960157e+03
  1512  6.47291196e-16  1.75066449e+03
  1524  1.30451227e-15  3.58439186e+03
  1536  6.54409767e-16  1.82653231e+03
  1548  8.44704295e-16  2.39463641e+03
  1560  7.29630951e-16  2.10059948e+03
  1572  6.26327184e-16  1.83102819e+03
  1584  4.45660985e-16  1.32282247e+03
  1596  4.83741734e-16  1.45768560e+03
  1608  4.79960049e-16  1.46811367e+03
  1620  3.55468202e-16  1.10359898e+03
  1632  3.91092873e-16  1.23224977e+03
  1644  3.21403131e-16  1.02761474e+03
  1656  5.47006572e-16  1.77454856e+03
  1668  5.11415253e-16  1.68321101e+03
  1680  5.48438799e-16  1.83112364e+03
  1692  5.81221091e-16  1.96839017e+03
  1704  7.19985999e-16  2.47303652e+03
  1716  3.84691183e-16  1.34002320e+03
  1728  8.72217513e-16  3.08088891e+03
  1740  7.07480828e-16  2.53381673e+03
  1752  8.03285707e-16  2.91674567e+03
  1764  7.13345843e-16  2.62576545e+03
  1776  1.57113494e-16  5.86214264e+02
  1788  7.37618525e-16  2.78947308e+03
  1800  6.14580213e-16  2.35546847e+03
  1812  2.84558733e-16  1.10519884e+03
  1824  4.93365404e-16  1.94164085e+03
  1836  2.83989713e-16  1.13239240e+03
  1848  3.27959166e-16  1.32486356e+03
  1860  2.64279971e-16  1.08152378e+03
  1872  1.26463475e-16  5.24229235e+02
  1884  2.10742472e-16  8.84823865e+02
  1896  1.76498598e-16  7.50515088e+02
  1908  1.08150768e-16  4.65721633e+02
  1920  1.74996319e-16  7.63079894e+02
  1932  1.45039529e-16  6.40380151e+02
  1944  9.96681037e-17  4.45537810e+02
  1956  1.86747736e-16  8.45137799e+02
  1968  1.89582610e-16  8.68523977e+02
  1980  9.96448169e-17  4.62079694e+02
  1992  2.36582496e-16  1.11043143e+03
  2004  2.56963168e-16  1.22066214e+03
  2016  9.78391942e-17  4.70350703e+02
  2028  3.00327125e-16  1.46102303e+03
  2040  2.99713609e-16  1.47534007e+03
  2052  1.12905138e-16  5.62331633e+02
  2064  3.70233046e-16  1.86559527e+03
  2076  2.91102725e-16  1.48396145e+03
  2088  1.25901363e-16  6.49249867e+02
  2100  3.76492751e-16  1.96387784e+03
  2112  2.38296044e-16  1.25725319e+03
  2124  6.52036698e-17  3.47934898e+02
  2136  2.83074917e-16  1.52763522e+03
  2148  1.62834262e-16  8.88646404e+02
  2160  6.85712280e-17  3.78410300e+02
  2172  1.28619783e-16  7.17694838e+02
  2184  9.71525019e-17  5.48113588e+02
  2196  4.98761951e-17  2.84490790e+02
  2208  8.26807256e-17  4.76772908e+02
  2220  5.10257577e-17  2.97442827e+02
  2232  5.78132677e-17  3.40661406e+02
  2244  3.61891584e-17  2.15541145e+02
  2256  6.58346498e-17  3.96312425e+02
  2268  6.16066650e-17  3.74815679e+02
  2280  6.86465014e-17  4.22076376e+02
  2292  6.20692906e-17  3.85662981e+02
  2304  3.18743031e-17  2.00127425e+02
  2316  6.71882614e-17  4.26255991e+02
  2328  6.01292874e-17  3.85434891e+02
  2340  1.46053759e-16  9.45894094e+02
  2352  1.10117228e-16  7.20488443e+02
  2364  4.87830627e-17  3.22448369e+02
  2376  1.21078423e-16  8.08453190e+02
  2388  6.40771756e-17  4.32181664e+02
  2400  6.49041047e-17  4.42168774e+02
  2412  5.08146149e-17  3.49651800e+02
  2424  1.22843058e-16  8.53704322e+02
  2436  5.21447743e-17  3.65978952e+02
  2448  1.24722144e-17  8.84008153e+01
  2460  5.95883906e-17  4.26501813e+02
  2472  4.38216962e-17  3.16719112e+02
  2484  3.03957740e-17  2.21821530e+02
  2496  1.13421227e-17  8.35737654e+01
