# ell  C_l  D_l[muK^2]
     2  4.83420859e-10  3.42917098e+03
     3  2.37913772e-10  3.37530741e+03
     4  1.41127179e-10  3.33697660e+03
     5  9.34307701e-11  3.31378011e+03
     6  6.64286681e-11  3.29850647e+03
     7  4.96650152e-11  3.28814608e+03
     8  3.85465236e-11  3.28118122e+03
     9  3.07953316e-11  3.27672427e+03
    10  2.51767791e-11  3.27420116e+03
    11  2.09742761e-11  3.27320659e+03
    12  1.77487140e-11  3.27343705e+03
    13  1.52188886e-11  3.27466465e+03
    14  1.31979193e-11  3.27670443e+03
    15  1.15576862e-11  3.27940192e+03
    16  1.02079924e-11  3.28262859e+03
    17  9.08385173e-12  3.28627549e+03
    18  8.13747507e-12  3.29024533e+03
    19  7.33309420e-12  3.29445337e+03
    20  6.64350085e-12  3.29882130e+03
    21  6.04771832e-12  3.30328492e+03
    22  5.52934391e-12  3.30778005e+03
    23  5.07540798e-12  3.31224566e+03
    24  4.67555682e-12  3.31663053e+03
    25  4.32143991e-12  3.32088884e+03
    26  4.00625410e-12  3.32497288e+03
    27  3.72441748e-12  3.32883796e+03
    28  3.47132002e-12  3.33244651e+03
    29  3.24312040e-12  3.33576025e+03
    30  3.03660135e-12  3.33874487e+03
    32  2.67816238e-12  3.34359239e+03
    34  2.37883866e-12  3.34675911e+03
    36  2.12603871e-12  3.34801887e+03
    38  1.91038353e-12  3.34719699e+03
    40  1.72474817e-12  3.34412147e+03
    42  1.56366142e-12  3.33866597e+03
    44  1.42284513e-12  3.33069854e+03
    46  1.29893448e-12  3.32013269e+03
    48  1.18924347e-12  3.30689647e+03
    50  1.09160532e-12  3.29092761e+03
    52  1.00426069e-12  3.27218751e+03
    54  9.25773997e-13  3.25067785e+03
    56  8.54950171e-13  3.22638500e+03
    58  7.90804108e-13  3.19934759e+03
    60  7.32503684e-13  3.16959230e+03
    62  6.79355769e-13  3.13719859e+03
    64  6.30766598e-13  3.10223378e+03
    66  5.86231638e-13  3.06478840e+03
    68  5.45321004e-13  3.02498157e+03
    70  5.07663573e-13  2.98294259e+03
    72  4.72937011e-13  2.93880766e+03
    74  4.40864034e-13  2.89274504e+03
    76  4.11199259e-13  2.84491402e+03
    78  3.83729886e-13  2.79550210e+03
    80  3.58268536e-13  2.74470820e+03
    82  3.34648542e-13  2.69273358e+03
    84  3.12722802e-13  2.63979539e+03
    86  2.92359995e-13  2.58611691e+03
    88  2.73442917e-13  2.53193097e+03
    90  2.55866156e-13  2.47747483e+03
    92  2.39534358e-13  2.42298707e+03
    94  2.24361680e-13  2.36871411e+03
    96  2.10270901e-13  2.31491286e+03
    98  1.97190395e-13  2.26182777e+03
   100  1.85055205e-13  2.20970950e+03
   104  1.63387316e-13  2.10937348e+03
   108  1.44844436e-13  2.01587954e+03
   112  1.29063942e-13  1.93114060e+03
   116  1.15730369e-13  1.85696489e+03
   120  1.04567593e-13  1.79504868e+03
   124  9.53301159e-14  1.74692526e+03
   128  8.77993492e-14  1.71397105e+03
   132  8.17778191e-14  1.69735858e+03
   136  7.70864492e-14  1.69804823e+03
   140  7.35632123e-14  1.71680250e+03
   144  7.10597149e-14  1.75414892e+03
   148  6.94396255e-14  1.81037214e+03
   152  6.85787961e-14  1.88554708e+03
   156  6.83632770e-14  1.97951879e+03
   160  6.86876974e-14  2.09188266e+03
   164  6.94567830e-14  2.22205580e+03
   168  7.05830929e-14  2.36924065e+03
   172  7.19865858e-14  2.53243689e+03
   176  7.35948303e-14  2.71047713e+03
   180  7.53423067e-14  2.90203400e+03
   184  7.71699260e-14  3.10563305e+03
   188  7.90251789e-14  3.31969088e+03
   192  8.08612143e-14  3.54251176e+03
   196  8.26362836e-14  3.77229440e+03
   200  8.43147573e-14  4.00721046e+03
   204  8.58657627e-14  4.24537995e+03
   208  8.72625065e-14  4.48486948e+03
   212  8.84833859e-14  4.72378042e+03
   216  8.95102880e-14  4.96019721e+03
   220  9.03298974e-14  5.19229042e+03
   224  9.09311214e-14  5.41820694e+03
   228  9.13073599e-14  5.63622886e+03
   232  9.14544658e-14  5.84468793e+03
   236  9.13715108e-14  6.04204088e+03
   240  9.10595994e-14  6.22682304e+03
   244  9.05230142e-14  6.39775230e+03
   248  8.97668983e-14  6.55359730e+03
   252  8.87995461e-14  6.69336197e+03
   256  8.76299494e-14  6.81613454e+03
   260  8.62690656e-14  6.92120087e+03
   264  8.47290310e-14  7.00800729e+03
   268  8.30224764e-14  7.07612118e+03
   272  8.11636186e-14  7.12533777e+03
   276  7.91667960e-14  7.15557312e+03
   280  7.70475602e-14  7.16697264e+03
   284  7.48206361e-14  7.15973751e+03
   288  7.25023679e-14  7.13436009e+03
   292  7.01079480e-14  7.09137141e+03
   296  6.76532940e-14  7.03152640e+03
   300  6.51535642e-14  6.95566142e+03
   304  6.26241409e-14  6.86479715e+03
   308  6.00798572e-14  6.76006065e+03
   312  5.75347468e-14  6.64265416e+03
   316  5.50026604e-14  6.51392187e+03
   320  5.24966796e-14  6.37528127e+03
   324  5.00291269e-14  6.22821791e+03
   328  4.76115187e-14  6.07427263e+03
   332  4.52548223e-14  5.91506723e+03
   336  4.29690192e-14  5.75224166e+03
   340  4.07630235e-14  5.58743122e+03
   344  3.86451667e-14  5.42232104e+03
   348  3.66227197e-14  5.25857132e+03
   352  3.47020251e-14  5.09782229e+03
   356  3.28885512e-14  4.94168958e+03
   360  3.11867943e-14  4.79173666e+03
   364  2.96004439e-14  4.64948634e+03
   368  2.81321123e-14  4.51636498e+03
   372  2.67837578e-14  4.39375448e+03
   376  2.55563511e-14  4.28292576e+03
   380  2.44500278e-14  4.18504792e+03
   384  2.34642966e-14  4.10120992e+03
   388  2.25977447e-14  4.03235657e+03
   392  2.18483780e-14  3.97933336e+03
   396  2.12133862e-14  3.94283130e+03
   400  2.06895302e-14  3.92344436e+03
   404  2.02728899e-14  3.92161139e+03
   408  1.99589812e-14  3.93762492e+03
   412  1.97430014e-14  3.97166809e+03
   416  1.96194769e-14  4.02373447e+03
   420  1.95827580e-14  4.09371635e+03
   424  1.96268833e-14  4.18137032e+03
   428  1.97455594e-14  4.28630438e+03
   432  1.99322641e-14  4.40799183e+03
   436  2.01802737e-14  4.54577025e+03
   440  2.04828000e-14  4.69886636e+03
   444  2.08329854e-14  4.86639094e+03
   448  2.12239826e-14  5.04735371e+03
   452  2.16488560e-14  5.24063717e+03
   456  2.21008108e-14  5.44504851e+03
   460  2.25732061e-14  5.65932335e+03
   464  2.30593641e-14  5.88207779e+03
   468  2.35529115e-14  6.11189382e+03
   472  2.40477804e-14  6.34732361e+03
   476  2.45380142e-14  6.58684206e+03
   480  2.50178144e-14  6.82885960e+03
   484  2.54820392e-14  7.07186212e+03
   488  2.59255542e-14  7.31424046e+03
   492  2.63435598e-14  7.55438280e+03
   496  2.67318923e-14  7.79076800e+03
   500  2.70864264e-14  8.02180212e+03
   508  2.76805590e-14  8.46191883e+03
   516  2.81019426e-14  8.86317026e+03
   524  2.83331267e-14  9.21504794e+03
   532  2.83631100e-14  9.50835077e+03
   540  2.81867391e-14  9.73527816e+03
   548  2.78052202e-14  9.88989649e+03
   556  2.72250026e-14  9.96805491e+03
   564  2.64576010e-14  9.96759809e+03
   572  2.55185142e-14  9.88822953e+03
   580  2.44271393e-14  9.73171182e+03
   588  2.32058652e-14  9.50173448e+03
   596  2.18789406e-14  9.20363497e+03
   604  2.04721375e-14  8.84439250e+03
   612  1.90119306e-14  8.43238879e+03
   620  1.75246526e-14  7.97710321e+03
   628  1.60359837e-14  7.48890636e+03
   636  1.45702508e-14  6.97872491e+03
   644  1.31500552e-14  6.45781594e+03
   652  1.17956140e-14  5.93736615e+03
   660  1.05246224e-14  5.42830726e+03
   668  9.35167996e-15  4.94088471e+03
   676  8.28858077e-15  4.48464471e+03
   684  7.34368926e-15  4.06792998e+03
   692  6.52236249e-15  3.69791364e+03
   700  5.82672948e-15  3.38028577e+03
   708  5.25603807e-15  3.11925227e+03
   716  4.80670826e-15  2.91737627e+03
   724  4.47274223e-15  2.77563878e+03
   732  4.24591613e-15  2.69338831e+03
   740  4.11619938e-15  2.66844856e+03
   748  4.07209776e-15  2.69720599e+03
   756  4.10106417e-15  2.77476843e+03
   764  4.18986711e-15  2.89512651e+03
   772  4.32494472e-15  3.05133478e+03
   780  4.49280294e-15  3.23575411e+03
   788  4.68041184e-15  3.44032756e+03
   796  4.87537384e-15  3.65672092e+03
   804  5.06628448e-15  3.87662691e+03
   812  5.24298402e-15  4.09201873e+03
   820  5.39667095e-15  4.29531929e+03
   828  5.52005697e-15  4.47961749e+03
   836  5.60746272e-15  4.63885326e+03
   844  5.65489360e-15  4.76799836e+03
   852  5.65995420e-15  4.86310948e+03
   860  5.62180638e-15  4.92141502e+03
   868  5.54115444e-15  4.94142560e+03
   876  5.42008844e-15  4.92291772e+03
   884  5.26182203e-15  4.86680780e+03
   892  5.07072081e-15  4.77527643e+03
   900  4.85193432e-15  4.65151813e+03
   908  4.61128167e-15  4.49970339e+03
   916  4.35494112e-15  4.32473600e+03
   924  4.08939714e-15  4.13223962e+03
   932  3.82112444e-15  3.92826920e+03
   940  3.55640971e-15  3.71913350e+03
   948  3.30117814e-15  3.51120361e+03
   956  3.06089289e-15  3.31078110e+03
   964  2.84030434e-15  3.12378927e+03
   972  2.64347463e-15  2.95574359e+03
   980  2.47360895e-15  2.81150352e+03
   988  2.33304595e-15  2.69518781e+03
   996  2.22318493e-15  2.61001252e+03
  1004  2.14452395e-15  2.55825115e+03
  1012  2.09667421e-15  2.54116822e+03
  1020  2.07844034e-15  2.55903356e+03
  1028  2.08778608e-15  2.61100072e+03
  1036  2.12211950e-15  2.69538528e+03
  1044  2.17813294e-15  2.80940064e+03
  1052  2.25215452e-15  2.94954345e+03
  1060  2.34015404e-15  3.11156014e+03
  1068  2.43784913e-15  3.29054843e+03
  1076  2.54087268e-15  3.48115518e+03
  1084  2.64493089e-15  3.67778091e+03
  1092  2.74584216e-15  3.87463569e+03
  1100  2.83966059e-15  4.06592106e+03
  1108  2.92282567e-15  4.24606584e+03
  1116  2.99217141e-15  4.40977409e+03
  1124  3.04506650e-15  4.55227113e+03
  1132  3.07936943e-15  4.66928772e+03
  1140  3.09353712e-15  4.75727581e+03
  1148  3.08666281e-15  4.81352920e+03
  1156  3.05835476e-15  4.83605864e+03
  1164  3.00885881e-15  4.82384361e+03
  1172  2.93893942e-15  4.77670875e+03
  1180  2.84986501e-15  4.69535786e+03
  1188  2.74334575e-15  4.58132757e+03
  1196  2.62149370e-15  4.43697165e+03
  1204  2.48672187e-15  4.26533603e+03
  1212  2.34168463e-15  4.07009297e+03
  1220  2.18915157e-15  3.85535018e+03
  1228  2.03203712e-15  3.62572108e+03
  1236  1.87320045e-15  3.38598420e+03
  1244  1.71544977e-15  3.14108900e+03
  1252  1.56144880e-15  2.89598064e+03
  1260  1.41364473e-15  2.65545175e+03
  1268  1.27422872e-15  2.42404551e+03
  1276  1.14509516e-15  2.20594995e+03
  1284  1.02779539e-15  2.00487510e+03
  1292  9.23528704e-16  1.82399625e+03
  1300  8.33116672e-16  1.66586184e+03
  1308  7.57019762e-16  1.53238225e+03
  1316  6.95316959e-16  1.42474450e+03
  1324  6.47756959e-16  1.34347149e+03
  1332  6.13744245e-16  1.28835133e+03
  1340  5.92390279e-16  1.25850227e+03
  1348  5.82575391e-16  1.25246755e+03
  1356  5.82966244e-16  1.26822249e+03
  1364  5.92072113e-16  1.30326920e+03
  1372  6.08276912e-16  1.35468551e+03
  1380  6.29893457e-16  1.41922864e+03
  1388  6.55234618e-16  1.49348564e+03
  1396  6.82661810e-16  1.57398263e+03
  1404  7.10582927e-16  1.65718390e+03
  1412  7.37520534e-16  1.73965640e+03
  1420  7.62140182e-16  1.81815032e+03
  1428  7.83303459e-16  1.88974404e+03
  1436  8.00055547e-16  1.95183838e+03
  1444  8.11638881e-16  2.00221351e+03
  1452  8.17518243e-16  2.03911720e+03
  1460  8.17400188e-16  2.06134322e+03
  1468  8.11192654e-16  2.06816110e+03
  1476  7.98993315e-16  2.05931367e+03
  1484  7.81108108e-16  2.03509180e+03
  1492  7.58033025e-16  1.99631588e+03
  1500  7.30370888e-16  1.94414167e+03
  1512  6.81925474e-16  1.84433640e+03
  1524  6.27735164e-16  1.72481997e+03
  1536  5.70885436e-16  1.59340638e+03
  1548  5.14510470e-16  1.45857611e+03
  1560  4.61543647e-16  1.32877908e+03
  1572  4.14542768e-16  1.21188975e+03
  1584  3.75564006e-16  1.11475880e+03
  1596  3.46024632e-16  1.04269508e+03
  1608  3.26682052e-16  9.99263141e+02
  1620  3.17608238e-16  9.86057618e+02
  1632  3.18227075e-16  1.00266527e+03
  1644  3.27395228e-16  1.04677313e+03
  1656  3.43499098e-16  1.11434828e+03
  1668  3.64563378e-16  1.19988031e+03
  1680  3.88406349e-16  1.29680842e+03
  1692  4.12812889e-16  1.39805118e+03
  1704  4.35653106e-16  1.49639860e+03
  1716  4.54955848e-16  1.58478129e+03
  1728  4.69102516e-16  1.65698661e+03
  1740  4.76873461e-16  1.70790487e+03
  1752  4.77449602e-16  1.73362858e+03
  1764  4.70515208e-16  1.73192651e+03
  1776  4.56212951e-16  1.70219968e+03
  1788  4.35056742e-16  1.64526653e+03
  1800  4.08008465e-16  1.56375206e+03
  1812  3.76223448e-16  1.46121580e+03
  1824  3.41158375e-16  1.34262968e+03
  1836  3.04270064e-16  1.21325912e+03
  1848  2.67131401e-16  1.07913636e+03
  1860  2.31143089e-16  9.45916354e+02
  1872  1.97643240e-16  8.19290824e+02
  1884  1.67655216e-16  7.03917607e+02
  1896  1.42036493e-16  6.03973814e+02
  1908  1.21273426e-16  5.22230762e+02
  1920  1.05583286e-16  4.60401013e+02
  1932  9.49300794e-17  4.19136347e+02
  1944  8.89429130e-17  3.97593906e+02
  1956  8.70733128e-17  3.94055368e+02
  1968  8.86235286e-17  4.06005907e+02
  1980  9.27345501e-17  4.30034936e+02
  1992  9.84955454e-17  4.62301951e+02
  2004  1.05029584e-16  4.98926124e+02
  2016  1.11513132e-16  5.36086589e+02
  2028  1.17207774e-16  5.70189111e+02
  2040  1.21504057e-16  5.98103655e+02
  2052  1.23968844e-16  6.17435165e+02
  2064  1.24350247e-16  6.26597856e+02
  2076  1.22561750e-16  6.24786020e+02
  2088  1.18689856e-16  6.12061473e+02
  2100  1.12967461e-16  5.89265776e+02
  2112  1.05733521e-16  5.57851508e+02
  2124  9.74211503e-17  5.19851384e+02
  2136  8.85171598e-17  4.77689555e+02
  2148  7.95147944e-17  4.33941451e+02
  2160  7.08910262e-17  3.91212106e+02
  2172  6.30763731e-17  3.51964421e+02
  2184  5.64205734e-17  3.18312780e+02
  2196  5.11778862e-17  2.91915558e+02
  2208  4.74981798e-17  2.73895096e+02
  2220  4.54265126e-17  2.64803325e+02
  2232  4.49152257e-17  2.64660424e+02
  2244  4.58230233e-17  2.72920050e+02
  2256  4.79100529e-17  2.88409665e+02
  2268  5.08580551e-17  3.09421010e+02
  2280  5.43500577e-17  3.34173991e+02
  2292  5.80769133e-17  3.60856638e+02
  2304  6.16583936e-17  3.87131147e+02
  2316  6.47709551e-17  4.10920109e+02
  2328  6.72103504e-17  4.30825230e+02
  2340  6.86969594e-17  4.44905004e+02
  2352  6.91273779e-17  4.52295048e+02
  2364  6.84287610e-17  4.52303344e+02
  2376  6.65761875e-17  4.44536109e+02
  2388  6.36790105e-17  4.29496158e+02
  2400  5.98098831e-17  4.07463640e+02
  2412  5.51870983e-17  3.79738551e+02
  2424  5.00023864e-17  3.47494228e+02
  2436  4.44509755e-17  3.11979900e+02
  2448  3.88360437e-17  2.75262902e+02
  2460  3.32991052e-17  2.38337175e+02
  2472  2.80826594e-17  2.02966012e+02
  2484  2.33874201e-17  1.70676137e+02
  2496  1.92915526e-17  1.42148673e+02
