# ell  C_l  D_l[muK^2]
     2  7.97672728e-10  5.65833295e+03
     3  3.93259058e-10  5.57920713e+03
     4  2.33372587e-10  5.51813524e+03
     5  1.54365774e-10  5.47500820e+03
     6  1.09558298e-10  5.44010237e+03
     7  8.17066977e-11  5.40951326e+03
     8  6.32192697e-11  5.38139010e+03
     9  5.03246711e-11  5.35471004e+03
    10  4.09760604e-11  5.32887326e+03
    11  3.39841827e-11  5.30350846e+03
    12  2.86195049e-11  5.27836258e+03
    13  2.44143470e-11  5.25326132e+03
    14  2.10577086e-11  5.22808826e+03
    15  1.83362472e-11  5.20276489e+03
    16  1.60996692e-11  5.17724075e+03
    17  1.42396429e-11  5.15149200e+03
    18  1.26764171e-11  5.12548695e+03
    19  1.13502739e-11  5.09920466e+03
    20  1.02158002e-11  5.07264168e+03
    21  9.23798246e-12  5.04581837e+03
    22  8.38941956e-12  5.01874275e+03
    23  7.64841192e-12  4.99140549e+03
    24  6.99764982e-12  4.96381927e+03
    25  6.42318369e-12  4.93601196e+03
    26  5.91363792e-12  4.90799766e+03
    27  5.45967024e-12  4.87978527e+03
    28  5.05356703e-12  4.85139419e+03
    29  4.68890552e-12  4.82284427e+03
    30  4.36029755e-12  4.79414958e+03
    32  3.79376729e-12  4.73638624e+03
    34  3.32527966e-12  4.67829541e+03
    36  2.93376074e-12  4.61999410e+03
    38  2.60352576e-12  4.56165658e+03
    40  2.32265388e-12  4.50340337e+03
    42  2.08199226e-12  4.44538481e+03
    44  1.87440249e-12  4.38773660e+03
    46  1.69426206e-12  4.33060707e+03
    48  1.53707305e-12  4.27409655e+03
    50  1.39922191e-12  4.21831767e+03
    52  1.27778277e-12  4.16340581e+03
    54  1.17035350e-12  4.10947187e+03
    56  1.07494898e-12  4.05660984e+03
    58  9.89922082e-13  4.00491702e+03
    60  9.13891248e-13  3.95446839e+03
    62  8.45703245e-13  3.90537498e+03
    64  7.84374411e-13  3.85770711e+03
    66  7.29067180e-13  3.81152516e+03
    68  6.79069910e-13  3.76690784e+03
    70  6.33769577e-13  3.72391947e+03
    72  5.92635539e-13  3.68260851e+03
    74  5.55210313e-13  3.64303221e+03
    76  5.21094048e-13  3.60522965e+03
    78  4.89938424e-13  3.56923957e+03
    80  4.61438928e-13  3.53510030e+03
    82  4.35328025e-13  3.50284626e+03
    84  4.11369261e-13  3.47250239e+03
    86  3.89352571e-13  3.44408019e+03
    88  3.69092906e-13  3.41759725e+03
    90  3.50425939e-13  3.39306869e+03
    92  3.33204632e-13  3.37049984e+03
    94  3.17297405e-13  3.34988952e+03
    96  3.02586691e-13  3.33123518e+03
    98  2.88966646e-13  3.31452647e+03
   100  2.76342384e-13  3.29975259e+03
   104  2.53747364e-13  3.27594560e+03
   108  2.34210763e-13  3.25963976e+03
   112  2.17247560e-13  3.25060259e+03
   116  2.02457144e-13  3.24854929e+03
   120  1.89506436e-13  3.25314247e+03
   124  1.78116919e-13  3.26399418e+03
   128  1.68055375e-13  3.28068544e+03
   132  1.59125051e-13  3.30275709e+03
   136  1.51159196e-13  3.32971109e+03
   140  1.44016684e-13  3.36103056e+03
   144  1.37577403e-13  3.39617536e+03
   148  1.31738743e-13  3.43458289e+03
   152  1.26413234e-13  3.47568224e+03
   156  1.21526095e-13  3.51889492e+03
   160  1.17013028e-13  3.56362979e+03
   164  1.12819308e-13  3.60930621e+03
   168  1.08898016e-13  3.65534573e+03
   172  1.05208899e-13  3.70117423e+03
   176  1.01717576e-13  3.74623001e+03
   180  9.83948087e-14  3.78996998e+03
   184  9.52156566e-14  3.83186696e+03
   188  9.21591572e-14  3.87142324e+03
   192  8.92074366e-14  3.90815790e+03
   196  8.63454401e-14  3.94161507e+03
   200  8.35608165e-14  3.97137806e+03
   204  8.08433872e-14  3.99706337e+03
   208  7.81845255e-14  4.01830530e+03
   212  7.55775995e-14  4.03479118e+03
   216  7.30170914e-14  4.04622956e+03
   220  7.04991067e-14  4.05238849e+03
   224  6.80202644e-14  4.05304436e+03
   228  6.55785130e-14  4.04803630e+03
   232  6.31723668e-14  4.03723062e+03
   236  6.08011321e-14  4.02054122e+03
   240  5.84644875e-14  3.99790929e+03
   244  5.61628426e-14  3.96933264e+03
   248  5.38965724e-14  3.93481827e+03
   252  5.16667925e-14  3.89444045e+03
   256  4.94745876e-14  3.84828985e+03
   260  4.73213641e-14  3.79650184e+03
   264  4.52086200e-14  3.73924184e+03
   268  4.31378378e-14  3.67669794e+03
   272  4.11107165e-14  3.60910154e+03
   276  3.91288850e-14  3.53670493e+03
   280  3.71941124e-14  3.45980049e+03
   284  3.53077864e-14  3.37867326e+03
   288  3.34717199e-14  3.29367591e+03
   292  3.16871649e-14  3.20513525e+03
   296  2.99556284e-14  3.11342996e+03
   300  2.82782791e-14  3.01893131e+03
   304  2.66563128e-14  2.92203896e+03
   308  2.50907743e-14  2.82316176e+03
   312  2.35824904e-14  2.72270822e+03
   316  2.21322201e-14  2.62110144e+03
   320  2.07405307e-14  2.51876343e+03
   324  1.94078479e-14  2.41611863e+03
   328  1.81344276e-14  2.31358840e+03
   332  1.69204237e-14  2.21159732e+03
   336  1.57657806e-14  2.11055736e+03
   340  1.46702673e-14  2.01086922e+03
   344  1.36335833e-14  1.91293431e+03
   348  1.26552067e-14  1.81713176e+03
   352  1.17344934e-14  1.72382914e+03
   356  1.08706802e-14  1.63338077e+03
   360  1.00628383e-14  1.54611822e+03
   364  9.30993416e-15  1.46235684e+03
   368  8.61076206e-15  1.38238266e+03
   372  7.96406773e-15  1.30646934e+03
   376  7.36844187e-15  1.23485897e+03
   380  6.82236914e-15  1.16776725e+03
   384  6.32427173e-15  1.10538860e+03
   388  5.87245665e-15  1.04788507e+03
   392  5.46517722e-15  9.95394809e+02
   396  5.10057916e-15  9.48020413e+02
   400  4.77678249e-15  9.05841753e+02
   404  4.49184233e-15  8.68907200e+02
   408  4.24374885e-15  8.37231672e+02
   412  4.03049994e-15  8.10809244e+02
   416  3.85001331e-15  7.89594511e+02
   420  3.70022572e-15  7.73521000e+02
   424  3.57906001e-15  7.62493719e+02
   428  3.48442799e-15  7.56388747e+02
   432  3.41425539e-15  7.55057718e+02
   436  3.36646626e-15  7.58323818e+02
   440  3.33901750e-15  7.65988882e+02
   444  3.32990152e-15  7.77833916e+02
   448  3.33714491e-15  7.93618759e+02
   452  3.35880829e-15  8.13082020e+02
   456  3.39301003e-15  8.35946898e+02
   460  3.43793119e-15  8.61922943e+02
   464  3.49179132e-15  8.90700547e+02
   468  3.55289371e-15  9.21962837e+02
   472  3.61962683e-15  9.55387253e+02
   476  3.69043205e-15  9.90638152e+02
   480  3.76382272e-15  1.02737260e+03
   484  3.83844249e-15  1.06525760e+03
   488  3.91297221e-15  1.10394630e+03
   492  3.98618694e-15  1.14309464e+03
   496  4.05699244e-15  1.18237372e+03
   500  4.12432952e-15  1.22144409e+03
   508  4.24499911e-15  1.29769193e+03
   516  4.34182099e-15  1.36938215e+03
   524  4.40987684e-15  1.43426551e+03
   532  4.44573235e-15  1.49037192e+03
   540  4.44728694e-15  1.53602640e+03
   548  4.41376369e-15  1.56990902e+03
   556  4.34556082e-15  1.59106647e+03
   564  4.24419423e-15  1.59895156e+03
   572  4.11199555e-15  1.59336690e+03
   580  3.95213386e-15  1.57452034e+03
   588  3.76846591e-15  1.54301347e+03
   596  3.56521979e-15  1.49975184e+03
   604  3.34694164e-15  1.44594894e+03
   612  3.11842123e-15  1.38311783e+03
   620  2.88443128e-15  1.31297359e+03
   628  2.64958631e-15  1.23737365e+03
   636  2.41832872e-15  1.15830888e+03
   644  2.19479901e-15  1.07783639e+03
   652  1.98265353e-15  9.97976029e+02
   660  1.78507265e-15  9.20690782e+02
   668  1.60471205e-15  8.47836674e+02
   676  1.44367740e-15  7.81120484e+02
   684  1.30340719e-15  7.22003476e+02
   692  1.18479451e-15  6.71730187e+02
   700  1.08814158e-15  6.31268283e+02
   708  1.01320005e-15  6.01294453e+02
   716  9.59189763e-16  5.82169190e+02
   724  9.24879493e-16  5.73950221e+02
   732  9.08645528e-16  5.76397454e+02
   740  9.08519223e-16  5.88974583e+02
   748  9.22270531e-16  6.10877673e+02
   756  9.47483700e-16  6.41064794e+02
   764  9.81626517e-16  6.78287135e+02
   772  1.02212516e-15  7.21129692e+02
   780  1.06642667e-15  7.68049372e+02
   788  1.11208026e-15  8.17432416e+02
   796  1.15677935e-15  8.67629720e+02
   804  1.19842097e-15  9.17009495e+02
   812  1.23514175e-15  9.63997442e+02
   820  1.26534102e-15  1.00711044e+03
   828  1.28773879e-15  1.04502132e+03
   836  1.30137793e-15  1.07658339e+03
   844  1.30561828e-15  1.10084933e+03
   852  1.30011320e-15  1.11707491e+03
   860  1.28481568e-15  1.12474724e+03
   868  1.26002281e-15  1.12364834e+03
   876  1.22629513e-15  1.11381024e+03
   884  1.18438457e-15  1.09547074e+03
   892  1.13523633e-15  1.06909205e+03
   900  1.07996362e-15  1.03535415e+03
   908  1.01984937e-15  9.95172278e+02
   916  9.56229682e-16  9.49597438e+02
   924  8.90473667e-16  8.99802695e+02
   932  8.23924036e-16  8.47026958e+02
   940  7.57890670e-16  7.92568016e+02
   948  6.93649998e-16  7.37780960e+02
   956  6.32378546e-16  6.84005292e+02
   964  5.75092278e-16  6.32491055e+02
   972  5.22654904e-16  5.84395199e+02
   980  4.75761360e-16  5.40750282e+02
   988  4.34952715e-16  5.02467281e+02
   996  4.00587556e-16  4.70288605e+02
  1004  3.72837354e-16  4.44766119e+02
  1012  3.51691044e-16  4.26249391e+02
  1020  3.36971465e-16  4.14888640e+02
  1028  3.28340411e-16  4.10624947e+02
  1036  3.25342417e-16  4.13229868e+02
  1044  3.27384428e-16  4.22267164e+02
  1052  3.33790485e-16  4.37150086e+02
  1060  3.43808185e-16  4.57140780e+02
  1068  3.56629617e-16  4.81369832e+02
  1076  3.71424186e-16  5.08874465e+02
  1084  3.87367622e-16  5.38635338e+02
  1092  4.03653895e-16  5.69592749e+02
  1100  4.19512893e-16  6.00672599e+02
  1108  4.34236734e-16  6.30827142e+02
  1116  4.47183845e-16  6.59046378e+02
  1124  4.57811302e-16  6.84412367e+02
  1132  4.65682462e-16  7.06120343e+02
  1140  4.70466716e-16  7.23488952e+02
  1148  4.71940924e-16  7.35973300e+02
  1156  4.69973849e-16  7.43151553e+02
  1164  4.64537591e-16  7.44753021e+02
  1172  4.55709867e-16  7.40673079e+02
  1180  4.43686631e-16  7.31005681e+02
  1188  4.28749681e-16  7.16002618e+02
  1196  4.11251489e-16  6.96057822e+02
  1204  3.91582511e-16  6.71659753e+02
  1212  3.70175580e-16  6.43403902e+02
  1220  3.47483196e-16  6.11958268e+02
  1228  3.23998334e-16  5.78103411e+02
  1236  3.00227890e-16  5.42689862e+02
  1244  2.76668727e-16  5.06596644e+02
  1252  2.53779515e-16  4.70678615e+02
  1260  2.31976675e-16  4.35755077e+02
  1268  2.11624181e-16  4.02586001e+02
  1276  1.93033885e-16  3.71866990e+02
  1284  1.76466040e-16  3.44224514e+02
  1292  1.62124885e-16  3.20201399e+02
  1300  1.50144041e-16  3.00221129e+02
  1308  1.40590105e-16  2.84586733e+02
  1316  1.33457241e-16  2.73461574e+02
  1324  1.28679975e-16  2.66886948e+02
  1332  1.26132298e-16  2.64772690e+02
  1340  1.25635857e-16  2.66906831e+02
  1348  1.26973825e-16  2.72978567e+02
  1356  1.29891523e-16  2.82574424e+02
  1364  1.34108238e-16  2.95199069e+02
  1372  1.39321078e-16  3.10280140e+02
  1380  1.45216586e-16  3.27191107e+02
  1388  1.51481612e-16  3.45274205e+02
  1396  1.57811450e-16  3.63858762e+02
  1404  1.63915857e-16  3.82275888e+02
  1412  1.69532586e-16  3.99891846e+02
  1420  1.74427946e-16  4.16112722e+02
  1428  1.78404276e-16  4.30405885e+02
  1436  1.81295028e-16  4.42292531e+02
  1444  1.82969625e-16  4.51363611e+02
  1452  1.83338032e-16  4.57295891e+02
  1460  1.82352456e-16  4.59861649e+02
  1468  1.80014526e-16  4.58952676e+02
  1476  1.76374044e-16  4.54583879e+02
  1484  1.71516721e-16  4.46868069e+02
  1492  1.65555991e-16  4.35999545e+02
  1500  1.58623648e-16  4.22233211e+02
  1512  1.46738347e-16  3.96868697e+02
  1524  1.33581741e-16  3.67040861e+02
  1536  1.19783177e-16  3.34328513e+02
  1548  1.06015372e-16  3.00540994e+02
  1560  9.29027192e-17  2.67465907e+02
  1572  8.09752446e-17  2.36726042e+02
  1584  7.06518387e-17  2.09710616e+02
  1596  6.22294129e-17  1.87519316e+02
  1608  5.58861420e-17  1.70945913e+02
  1620  5.16762592e-17  1.60435917e+02
  1632  4.95242132e-17  1.56040175e+02
  1644  4.92385348e-17  1.57429219e+02
  1656  5.05323677e-17  1.63932474e+02
  1668  5.30450380e-17  1.74586095e+02
  1680  5.63730470e-17  1.88217937e+02
  1692  6.01046308e-17  2.03553116e+02
  1704  6.38419651e-17  2.19286918e+02
  1716  6.72109593e-17  2.34120896e+02
  1728  6.98896745e-17  2.46867690e+02
  1740  7.16231803e-17  2.56515803e+02
  1752  7.22291332e-17  2.62265355e+02
  1764  7.16384865e-17  2.63695183e+02
  1776  6.98709537e-17  2.60699120e+02
  1788  6.70013517e-17  2.53380929e+02
  1800  6.31747281e-17  2.42126377e+02
  1812  5.85656447e-17  2.27463350e+02
  1824  5.33979000e-17  2.10147576e+02
  1836  4.79199890e-17  1.91078159e+02
  1848  4.24131499e-17  1.71337296e+02
  1860  3.71268570e-17  1.51935761e+02
  1872  3.22876386e-17  1.33841998e+02
  1884  2.80612784e-17  1.17818153e+02
  1896  2.45803138e-17  1.04521490e+02
  1908  2.19157781e-17  9.43742901e+01
  1920  2.00941841e-17  8.76216597e+01
  1932  1.90993952e-17  8.43278632e+01
  1944  1.88585384e-17  8.43017133e+01
  1956  1.92651208e-17  8.71854308e+01
  1968  2.01852385e-17  9.24734797e+01
  1980  2.14579369e-17  9.95061985e+01
  1992  2.29128550e-17  1.07544534e+02
  2004  2.43881035e-17  1.15851758e+02
  2016  2.57385337e-17  1.23735049e+02
  2028  2.68391191e-17  1.30566198e+02
  2040  2.75892114e-17  1.35807878e+02
  2052  2.79161909e-17  1.39038467e+02
  2064  2.77769069e-17  1.39967156e+02
  2076  2.71587069e-17  1.38447602e+02
  2088  2.60797457e-17  1.34488389e+02
  2100  2.45974728e-17  1.28306406e+02
  2112  2.27983748e-17  1.20284538e+02
  2124  2.07804711e-17  1.10887180e+02
  2136  1.86445335e-17  1.00616637e+02
  2148  1.64891391e-17  8.99872911e+01
  2160  1.44060419e-17  7.94997377e+01
  2172  1.24770633e-17  6.96216691e+01
  2184  1.07714351e-17  6.07701276e+01
  2196  9.34509861e-18  5.33038755e+01
  2208  8.23516202e-18  4.74875143e+01
  2220  7.45715564e-18  4.34697603e+01
  2232  7.00681040e-18  4.12872335e+01
  2244  6.86060829e-18  4.08615020e+01
  2256  6.97603349e-18  4.19944324e+01
  2268  7.29558328e-18  4.43864151e+01
  2280  7.75927096e-18  4.77082575e+01
  2292  8.30759575e-18  5.16186364e+01
  2304  8.87274291e-18  5.57088004e+01
  2316  9.39659971e-18  5.96139391e+01
  2328  9.83859291e-18  6.30663883e+01
  2340  1.01478187e-17  6.57207444e+01
  2352  1.02996543e-17  6.73898355e+01
  2364  1.02736213e-17  6.79070201e+01
  2376  1.00579703e-17  6.71581110e+01
  2388  9.66489739e-18  6.51868844e+01
  2400  9.10933146e-18  6.20586625e+01
  2412  8.43086799e-18  5.80122112e+01
  2424  7.66532640e-18  5.32705910e+01
  2436  6.84781842e-18  4.80615257e+01
  2448  6.02638382e-18  4.27139261e+01
  2460  5.22402731e-18  3.73907920e+01
  2472  4.47793687e-18  3.23640642e+01
  2484  3.81867971e-18  2.78678666e+01
  2496  3.25856098e-18  2.40105153e+01
