# ell  Dl_TT  Dl_EE  Dl_TE
       2    3.568860e+02    1.432446e-02    1.595709e+00
       3    6.792770e+02    3.144229e-02    3.976001e+00
       4    8.166538e+02    3.101862e-02    4.522482e+00
       5    8.091482e+02    2.128548e-02    3.690014e+00
       6    7.677704e+02    1.341145e-02    2.479838e+00
       7    7.336797e+02    1.048694e-02    1.345627e+00
       8    7.100231e+02    1.083178e-02    4.715349e-01
       9    6.972087e+02    1.130693e-02   -8.781104e-02
      10    6.924236e+02    1.021695e-02   -3.879368e-01
      11    6.987679e+02    8.107759e-03   -4.960584e-01
      12    7.096486e+02    6.773474e-03   -4.499696e-01
      13    7.303468e+02    7.045446e-03   -3.353904e-01
      14    7.529528e+02    8.607877e-03   -2.321064e-01
      15    7.858816e+02    1.026456e-02   -1.895460e-01
      16    8.182285e+02    1.201400e-02   -1.665925e-01
      17    8.608385e+02    1.472889e-02   -1.573373e-01
      18    8.986412e+02    1.793108e-02   -1.949839e-01
      19    9.491731e+02    2.135217e-02   -2.877427e-01
      20    9.907684e+02    2.398991e-02   -3.866412e-01
      21    1.047557e+03    2.645490e-02   -3.560312e-01
      22    1.092503e+03    3.297471e-02   -3.073891e-01
      23    1.152426e+03    4.309494e-02   -3.928844e-01
      24    1.201981e+03    4.926132e-02   -4.529757e-01
      25    1.260823e+03    4.759992e-02   -4.934718e-01
      26    1.314126e+03    4.512648e-02   -4.026079e-01
      27    1.371846e+03    5.074477e-02   -1.661342e-01
      28    1.426121e+03    6.425813e-02    1.518465e-03
      29    1.481377e+03    8.011499e-02    4.962793e-02
      30    1.546015e+03    9.475505e-02   -2.139091e-01
      32    1.661332e+03    1.150215e-01   -3.583641e-01
      34    1.767419e+03    1.445776e-01   -2.504028e-01
      36    1.875543e+03    1.830719e-01   -9.309926e-01
      38    1.970282e+03    1.965905e-01   -1.682127e+00
      40    2.058767e+03    2.565748e-01   -1.980904e+00
      42    2.140163e+03    4.064348e-01   -2.924391e+00
      44    2.215019e+03    4.932625e-01   -3.608176e+00
      46    2.294838e+03    4.265628e-01   -3.441273e+00
      48    2.381404e+03    5.312048e-01   -3.747138e+00
      50    2.470796e+03    9.806563e-01   -4.436342e+00
      52    2.543484e+03    1.533304e+00   -5.479838e+00
      54    2.573655e+03    1.699972e+00   -6.283548e+00
      56    2.581822e+03    1.399186e+00   -6.713293e+00
      58    2.604002e+03    1.000388e+00   -7.837920e+00
      60    2.674959e+03    7.775262e-01   -7.591156e+00
      62    2.789376e+03    6.782098e-01   -7.290461e+00
      64    2.832635e+03    6.666061e-01   -8.189069e+00
      66    2.788379e+03    7.071477e-01   -9.541516e+00
      68    2.755055e+03    7.640063e-01   -1.114405e+01
      70    2.823239e+03    8.493583e-01   -1.326565e+01
      72    2.960204e+03    8.930773e-01   -1.372187e+01
      74    3.017164e+03    9.705795e-01   -1.394660e+01
      76    2.962868e+03    9.586538e-01   -1.658366e+01
      78    2.918979e+03    9.391225e-01   -1.805628e+01
      80    3.036583e+03    9.916779e-01   -1.900800e+01
      82    3.211001e+03    1.001837e+00   -2.127312e+01
      84    3.175709e+03    1.095858e+00   -2.211709e+01
      86    3.039226e+03    1.258226e+00   -2.423121e+01
      88    3.135584e+03    1.297084e+00   -2.545169e+01
      90    3.377698e+03    1.189651e+00   -2.828648e+01
      92    3.389002e+03    1.215224e+00   -2.934851e+01
      94    3.215436e+03    1.247096e+00   -3.004433e+01
      96    3.352004e+03    1.439573e+00   -3.209339e+01
      98    3.620475e+03    1.733243e+00   -3.498798e+01
     100    3.524557e+03    1.671273e+00   -3.534087e+01
     104    3.669527e+03    1.376842e+00   -3.759080e+01
     108    3.635651e+03    1.877037e+00   -4.185761e+01
     112    4.059938e+03    2.351481e+00   -4.465571e+01
     116    3.812991e+03    2.194796e+00   -4.683524e+01
     120    4.231016e+03    2.195110e+00   -5.044570e+01
     124    4.434557e+03    2.018353e+00   -5.384289e+01
     128    4.204855e+03    1.955747e+00   -5.857021e+01
     132    4.642030e+03    2.167508e+00   -5.940686e+01
     136    4.920517e+03    2.321035e+00   -6.080075e+01
     140    4.741406e+03    2.171752e+00   -6.475142e+01
     144    4.910597e+03    2.245733e+00   -6.625393e+01
     148    5.395741e+03    1.971461e+00   -6.400824e+01
     152    5.486562e+03    2.246714e+00   -6.369093e+01
     156    5.245178e+03    2.168567e+00   -6.428147e+01
     160    5.370657e+03    2.188126e+00   -6.589006e+01
     164    5.767520e+03    2.048213e+00   -6.282387e+01
     168    6.117477e+03    1.802424e+00   -6.201490e+01
     172    6.094618e+03    1.937423e+00   -5.969943e+01
     176    5.988793e+03    1.892389e+00   -5.879177e+01
     180    5.846413e+03    2.011150e+00   -5.494578e+01
     184    5.831515e+03    1.770359e+00   -5.324131e+01
     188    5.992970e+03    1.670344e+00   -4.777100e+01
     192    6.246192e+03    1.669393e+00   -4.469001e+01
     196    6.444446e+03    1.700581e+00   -3.703524e+01
     200    6.601080e+03    1.469103e+00   -2.673981e+01
     204    6.673998e+03    1.521291e+00   -1.570556e+01
     208    6.756202e+03    1.778939e+00   -1.565514e+01
     212    6.780268e+03    1.394189e+00   -6.857111e+00
     216    6.818877e+03    1.305064e+00   -2.005579e+00
     220    6.790350e+03    1.240437e+00    1.175343e+01
     224    6.751636e+03    1.536453e+00    1.744361e+01
     228    6.698648e+03    1.748309e+00    2.819382e+01
     232    6.624415e+03    1.485540e+00    3.563133e+01
     236    6.579584e+03    1.831024e+00    4.372713e+01
     240    6.381524e+03    2.120983e+00    5.249114e+01
     244    6.044330e+03    2.602448e+00    6.176763e+01
     248    6.025909e+03    2.389741e+00    5.974748e+01
     252    5.703620e+03    2.714555e+00    6.250702e+01
     256    5.453536e+03    2.957226e+00    6.786016e+01
     260    5.407193e+03    3.022381e+00    7.197624e+01
     264    5.405856e+03    3.052437e+00    7.727167e+01
     268    5.446965e+03    3.412302e+00    9.229540e+01
     272    5.469045e+03    4.387873e+00    1.056762e+02
     276    5.269926e+03    4.950765e+00    1.202716e+02
     280    4.980895e+03    5.798257e+00    1.216724e+02
     284    4.544807e+03    6.012525e+00    1.178261e+02
     288    4.375040e+03    6.089074e+00    1.113316e+02
     292    4.328355e+03    6.070154e+00    1.133806e+02
     296    4.425098e+03    6.789374e+00    1.333880e+02
     300    4.184741e+03    8.399640e+00    1.415793e+02
     304    3.857146e+03    9.338301e+00    1.394815e+02
     308    3.555898e+03    9.172355e+00    1.192348e+02
     312    3.544265e+03    8.364034e+00    1.273678e+02
     316    3.467766e+03    9.698716e+00    1.369115e+02
     320    3.187491e+03    1.130370e+01    1.430945e+02
     324    2.904619e+03    1.240251e+01    1.286311e+02
     328    2.905709e+03    1.088767e+01    1.161977e+02
     332    2.802302e+03    1.112394e+01    1.283455e+02
     336    2.511588e+03    1.371854e+01    1.308175e+02
     340    2.280090e+03    1.355885e+01    1.136227e+02
     344    2.250141e+03    1.227956e+01    1.095523e+02
     348    2.182129e+03    1.350889e+01    1.215277e+02
     352    1.969920e+03    1.555799e+01    1.088240e+02
     356    1.868423e+03    1.426522e+01    9.284287e+01
     360    1.824562e+03    1.352750e+01    9.679719e+01
     364    1.600205e+03    1.605134e+01    9.487373e+01
     368    1.459486e+03    1.603223e+01    7.827592e+01
     372    1.501236e+03    1.382367e+01    7.460618e+01
     376    1.422018e+03    1.539750e+01    8.023592e+01
     380    1.319960e+03    1.556507e+01    5.990371e+01
     384    1.341336e+03    1.423272e+01    5.965857e+01
     388    1.175709e+03    1.512230e+01    4.916576e+01
     392    1.196128e+03    1.541505e+01    3.709832e+01
     396    1.098321e+03    1.340196e+01    3.683493e+01
     400    1.094609e+03    1.443502e+01    3.357441e+01
     404    9.874837e+02    1.467927e+01    1.144321e+01
     408    8.552293e+02    1.291078e+01    2.373365e+01
     412    1.038838e+03    1.388860e+01    3.543217e+00
     416    8.932250e+02    1.200728e+01    3.289283e+00
     420    8.013448e+02    1.215452e+01    1.088694e+01
     424    9.659978e+02    1.191063e+01   -1.135777e+01
     428    8.054042e+02    1.064903e+01   -2.066660e+00
     432    8.879712e+02    1.074119e+01   -1.593135e+01
     436    8.552447e+02    9.724571e+00   -1.103915e+01
     440    8.371586e+02    9.537117e+00   -1.427349e+01
     444    1.028156e+03    9.578152e+00   -2.148980e+01
     448    8.352598e+02    8.419687e+00   -2.352361e+01
     452    1.036817e+03    8.303299e+00   -2.410494e+01
     456    9.041504e+02    7.219401e+00   -2.095816e+01
     460    1.097788e+03    6.741719e+00   -2.617245e+01
     464    1.047474e+03    5.922825e+00   -2.243024e+01
     468    1.038252e+03    6.244448e+00   -2.980056e+01
     472    1.174940e+03    5.383000e+00   -2.154071e+01
     476    1.054557e+03    4.861411e+00   -2.474474e+01
     480    1.385045e+03    4.320391e+00   -1.793300e+01
     484    1.125621e+03    4.123778e+00   -2.125468e+01
     488    1.445491e+03    3.868573e+00   -1.161136e+01
     492    1.148269e+03    3.953842e+00   -8.168629e+00
     496    1.450150e+03    3.624408e+00   -1.323083e+00
     500    1.203410e+03    4.400143e+00    2.505348e+00
     508    1.149884e+03    5.827635e+00    5.217444e+00
     516    1.182263e+03    6.435041e+00    1.150421e+01
     524    1.343865e+03    6.715221e+00    1.883731e+01
     532    1.396860e+03    7.993135e+00    2.636264e+01
     540    1.228050e+03    1.004474e+01    3.828760e+01
     548    1.147616e+03    1.193757e+01    3.530949e+01
     556    1.318374e+03    1.274579e+01    3.050970e+01
     564    1.261764e+03    1.423825e+01    3.972138e+01
     572    1.146219e+03    1.606054e+01    2.782856e+01
     580    1.276356e+03    1.576903e+01    2.075081e+01
     588    1.218455e+03    1.559000e+01    3.411090e+01
     596    1.190472e+03    1.582991e+01    3.210756e+01
     604    1.339123e+03    1.566089e+01    4.340472e+01
     612    1.038163e+03    1.906806e+01    5.629092e+01
     620    1.168743e+03    2.205748e+01    4.401075e+01
     628    9.174707e+02    2.615166e+01    4.019751e+01
     636    9.946482e+02    2.613836e+01    2.877329e+00
     644    9.508023e+02    2.346200e+01   -1.274510e+00
     652    9.969582e+02    1.957279e+01   -1.146182e+01
     660    9.729604e+02    1.895773e+01    1.471432e+01
     668    8.713226e+02    2.116272e+01    3.065849e+00
     676    7.535939e+02    2.398312e+01   -9.106164e+00
     684    1.038343e+03    2.020908e+01   -4.303014e+01
     692    8.910139e+02    1.674752e+01   -2.627729e+01
     700    9.780335e+02    1.423778e+01   -7.176122e+00
     708    7.327487e+02    1.683476e+01   -3.056869e+01
     716    9.921743e+02    1.548828e+01   -3.649706e+01
     724    1.088119e+03    1.111135e+01   -3.838313e+01
     732    7.550687e+02    1.186554e+01   -1.514965e+01
     740    1.001407e+03    1.044174e+01   -2.580893e+01
     748    1.243465e+03    8.680886e+00   -4.988503e+01
     756    1.117079e+03    8.395740e+00   -4.034677e+00
     764    9.952786e+02    7.568576e+00   -2.264341e+00
     772    1.173526e+03    6.712022e+00   -2.697037e+01
     780    1.329368e+03    7.945756e+00    4.641895e+00
     788    1.107891e+03    7.169728e+00    1.851237e+01
     796    1.365670e+03    5.276192e+00   -2.457563e+00
     804    1.411645e+03    8.411911e+00    2.845944e+01
     812    1.021553e+03    1.049099e+01    3.722868e+01
     820    1.274819e+03    6.413842e+00    3.053938e+01
     828    1.526086e+03    9.266670e+00    6.526930e+01
     836    9.793373e+02    1.243642e+01    4.024769e+01
     844    1.176744e+03    9.666296e+00    4.446416e+01
     852    1.405073e+03    1.475492e+01    1.028755e+02
     860    1.014646e+03    1.333533e+01    5.362341e+01
     868    1.320747e+03    1.098436e+01    6.125797e+01
     876    1.102082e+03    1.844049e+01    9.204175e+01
     884    8.175484e+02    1.452610e+01    4.412426e+01
     892    1.193268e+03    1.795854e+01    9.954586e+01
     900    8.081142e+02    1.977321e+01    7.666783e+01
     908    9.586641e+02    1.412847e+01    6.022578e+01
     916    8.833954e+02    2.039025e+01    9.488264e+01
     924    6.710729e+02    1.429778e+01    3.263399e+01
     932    8.821734e+02    1.810750e+01    7.101872e+01
     940    5.460072e+02    1.835660e+01    3.614874e+01
     948    7.023385e+02    1.542103e+01    4.320515e+01
     956    5.091188e+02    2.049840e+01    4.719003e+01
     964    5.699740e+02    1.369886e+01    2.743490e+01
     972    4.890735e+02    1.946393e+01    4.693904e+01
     980    4.529035e+02    1.304682e+01    1.808470e+01
     988    4.012756e+02    1.629216e+01    3.672301e+01
     996    4.087032e+02    1.178460e+01    8.494904e+00
    1004    3.412798e+02    1.208823e+01    2.048616e+01
    1012    4.252491e+02    9.485966e+00    6.416654e+00
    1020    3.552093e+02    9.223142e+00    1.399484e+01
    1028    3.953997e+02    9.012726e+00    4.365957e+00
    1036    3.726954e+02    8.191409e+00    1.514455e+00
    1044    4.295291e+02    7.720272e+00   -5.280956e+00
    1052    4.224463e+02    5.833917e+00    1.414314e+00
    1060    3.948469e+02    6.141679e+00   -2.057953e+00
    1068    4.538816e+02    6.237959e+00    6.593783e+00
    1076    4.463455e+02    5.729173e+00   -1.124300e+01
    1084    4.340049e+02    5.979205e+00    1.098850e+01
    1092    4.911958e+02    4.493794e+00    1.235328e+00
    1100    3.654375e+02    7.004233e+00    7.469205e+00
    1108    5.397720e+02    5.706885e+00    6.871160e+00
    1116    3.612598e+02    5.821098e+00    9.327887e+00
    1124    4.382092e+02    6.427265e+00    1.050670e+01
    1132    4.071238e+02    7.567623e+00    1.285294e+01
    1140    4.863483e+02    4.416548e+00    7.594448e+00
    1148    3.378051e+02    8.303914e+00    1.063979e+01
    1156    5.778761e+02    6.150529e+00    1.984978e+01
    1164    4.119626e+02    5.583349e+00    1.012683e+01
    1172    5.526573e+02    8.339622e+00    2.934320e+01
    1180    4.629093e+02    8.150140e+00    2.456334e+01
    1188    5.404445e+02    8.154941e+00    4.262139e+01
    1196    4.217631e+02    8.891510e+00    1.665794e+01
    1204    4.069389e+02    1.217077e+01    3.546054e+01
    1212    3.591954e+02    7.408674e+00    2.085660e+01
    1220    3.768427e+02    8.236328e+00    1.706370e+01
    1228    3.746411e+02    8.151419e+00    1.568646e+01
    1236    2.859348e+02    9.187569e+00    2.030404e+01
    1244    3.922325e+02    9.632113e+00    3.946610e+01
    1252    2.890303e+02    9.268412e+00    1.634237e+01
    1260    3.314028e+02    1.337110e+01    2.293831e+01
    1268    2.162111e+02    9.442865e+00    4.874324e+00
    1276    2.338003e+02    9.133433e+00    1.590255e+01
    1284    2.734466e+02    6.208269e+00    1.313337e+01
    1292    2.688921e+02    7.419807e+00    8.406787e+00
    1300    2.392808e+02    1.099863e+01    1.249049e+01
    1308    1.925956e+02    8.724893e+00    2.905363e+00
    1316    1.672035e+02    1.019178e+01    1.272150e+00
    1324    2.463933e+02    5.263582e+00    2.445284e+00
    1332    2.421436e+02    6.021780e+00   -3.362547e+00
    1340    2.508527e+02    6.977219e+00    9.811098e+00
    1348    2.034168e+02    6.421589e+00   -6.815260e+00
    1356    1.729506e+02    8.012376e+00   -7.504250e+00
    1364    2.448906e+02    4.087548e+00   -7.228939e+00
    1372    2.525500e+02    4.967965e+00   -3.468976e+00
    1380    2.036946e+02    5.176777e+00    4.207118e+00
    1388    2.596261e+02    5.061860e+00   -4.676970e+00
    1396    3.025752e+02    4.531278e+00   -8.377059e+00
    1404    3.199622e+02    3.660436e+00    1.978783e+00
    1412    2.892889e+02    3.067377e+00   -3.729729e+00
    1420    1.940747e+02    3.581163e+00   -4.628284e+00
    1428    3.270506e+02    2.656816e+00   -6.695683e-01
    1436    3.233218e+02    2.934955e+00   -3.941444e+00
    1444    2.395848e+02    4.066917e+00    6.753010e+00
    1452    3.025401e+02    3.629699e+00    4.504224e+00
    1460    2.630162e+02    4.393297e+00    3.651203e+00
    1468    3.496750e+02    4.768824e+00    1.655823e+01
    1476    3.197045e+02    3.912455e+00    8.812225e+00
    1484    2.153839e+02    3.648568e+00    5.733817e+00
    1492    3.688440e+02    4.031427e+00    2.027924e+01
    1500    2.889480e+02    3.587300e+00    1.447948e+01
    1512    3.043002e+02    6.020941e+00    1.875257e+01
    1524    2.426054e+02    4.019184e+00    1.342631e+01
    1536    2.895159e+02    6.734456e+00    2.293303e+01
    1548    1.786883e+02    4.455866e+00    1.177198e+01
    1560    2.356123e+02    6.330463e+00    2.050691e+01
    1572    1.450760e+02    4.049113e+00    6.196910e+00
    1584    1.646320e+02    5.804536e+00    1.939524e+01
    1596    1.314167e+02    3.119284e+00    2.049671e+00
    1608    1.254005e+02    5.420793e+00    1.157883e+01
    1620    1.105164e+02    2.789752e+00    1.837527e+00
    1632    1.123982e+02    4.624109e+00    7.357858e+00
    1644    1.153140e+02    2.545601e+00    1.988033e+00
    1656    9.847970e+01    4.702329e+00    3.553103e+00
    1668    8.118259e+01    3.141064e+00    2.935649e+00
    1680    9.547524e+01    4.278173e+00    1.844054e+00
    1692    8.011596e+01    2.572929e+00   -2.450080e+00
    1704    1.049576e+02    3.357055e+00   -1.652038e+00
    1716    9.039248e+01    2.058378e+00   -2.239558e+00
    1728    8.601169e+01    3.337382e+00   -8.871891e-01
    1740    1.035578e+02    2.606092e+00    1.460784e+00
    1752    1.079129e+02    2.314854e+00   -4.765904e+00
    1764    1.184672e+02    2.244334e+00    3.959548e+00
    1776    1.626074e+02    1.627664e+00    1.894452e+00
    1788    1.036810e+02    2.334454e+00    2.679784e+00
    1800    1.663377e+02    2.797656e+00    6.799741e+00
    1812    1.064807e+02    1.799904e+00    4.949416e+00
    1824    1.118373e+02    2.755029e+00    6.604304e+00
    1836    6.765147e+01    2.957890e+00    4.693038e+00
    1848    9.276069e+01    2.124075e+00    4.722073e+00
    1860    6.815685e+01    1.964383e+00    1.578333e+00
    1872    6.612317e+01    2.807197e+00    3.128871e+00
    1884    8.596921e+01    2.422497e+00    6.897312e+00
    1896    6.439030e+01    2.796395e+00    4.651401e+00
    1908    6.467645e+01    4.711994e+00    5.403120e+00
    1920    4.353997e+01    3.569746e+00    3.588090e-01
    1932    3.637174e+01    5.407764e+00    1.848609e+00
    1944    7.055617e+01    1.952303e+00   -3.526200e+00
    1956    6.191013e+01    4.253395e+00   -3.652735e+00
    1968    4.407312e+01    1.967823e+00   -1.242755e-01
    1980    4.832243e+01    3.183507e+00   -2.399339e+00
    1992    4.803265e+01    3.406059e+00   -2.516559e+00
    2004    8.273219e+01    1.879877e+00   -4.289853e+00
    2016    7.398176e+01    3.350328e+00   -6.555740e+00
    2028    4.188781e+01    1.056885e+00   -7.616223e-01
    2040    5.531973e+01    2.406636e+00   -4.618192e+00
    2052    4.646645e+01    1.574876e+00   -1.751733e+00
    2064    8.286378e+01    1.353905e+00   -7.237401e-01
    2076    8.940162e+01    1.188769e+00   -3.311494e+00
    2088    4.968094e+01    6.513584e-01    1.154789e+00
    2100    6.565105e+01    7.563407e-01   -2.405009e+00
    2112    4.305430e+01    1.088791e+00    1.431398e+00
    2124    5.983455e+01    1.425251e+00    2.936059e+00
    2136    6.287102e+01    1.727873e+00    5.485380e+00
    2148    3.723655e+01    1.023320e+00    1.301933e+00
    2160    5.882172e+01    1.163940e+00    5.299989e+00
    2172    5.173537e+01    1.117424e+00    3.861194e+00
    2184    3.294458e+01    2.023381e+00    3.206457e+00
    2196    4.738640e+01    2.365671e+00    3.572890e+00
    2208    2.891509e+01    9.847861e-01   -8.126877e-01
    2220    3.155862e+01    2.798261e+00    3.902679e+00
    2232    3.020480e+01    2.895083e+00    2.060237e+00
    2244    1.934932e+01    1.618598e+00   -1.022613e+00
    2256    2.478613e+01    2.762537e+00    1.878354e+00
    2268    1.839865e+01    1.566558e+00    1.248851e+00
    2280    2.272785e+01    2.027449e+00   -1.559182e+00
    2292    2.162841e+01    2.303401e+00   -4.858145e-01
    2304    1.627639e+01    7.448040e-01    4.403732e-01
    2316    2.905556e+01    1.692813e+00   -1.876103e+00
    2328    2.752272e+01    1.397020e+00   -1.707603e+00
    2340    2.006049e+01    5.556483e-01    3.209338e-01
    2352    3.119569e+01    1.035488e+00   -1.784292e+00
    2364    2.815908e+01    7.320443e-01   -5.872691e-01
    2376    2.254121e+01    5.323190e-01    9.058704e-01
    2388    3.080261e+01    5.072716e-01   -6.183519e-01
    2400    2.538774e+01    4.670397e-01    1.544644e-01
    2412    1.948972e+01    6.748294e-01    1.002202e+00
    2424    2.543334e+01    4.354097e-01    9.135428e-01
    2436    2.270132e+01    4.442065e-01    6.902803e-01
    2448    2.052237e+01    8.794828e-01    1.566976e+00
    2460    2.244700e+01    6.519579e-01    2.138263e+00
    2472    2.272692e+01    4.469077e-01    9.327359e-01
    2484    1.492672e+01    1.276401e+00    1.655599e+00
    2496    1.231542e+01    1.152149e+00    1.807042e+00
