# ell  Dl_TT  Dl_EE  Dl_TE  [uK^2]
2.000000e+00 2.052616e+02 3.163175e-02 -2.143380e-01
3.000000e+00 2.773154e+02 7.569786e-02 1.284839e+00
4.000000e+00 3.462568e+02 9.196478e-02 2.152199e+00
5.000000e+00 3.618137e+02 8.088196e-02 2.120505e+00
6.000000e+00 3.533934e+02 5.848906e-02 1.753087e+00
7.000000e+00 3.423250e+02 3.678526e-02 1.349987e+00
8.000000e+00 3.328070e+02 2.139826e-02 1.010404e+00
9.000000e+00 3.259603e+02 1.305709e-02 7.642333e-01
1.000000e+01 3.197244e+02 1.009116e-02 6.110455e-01
1.100000e+01 3.164719e+02 1.048253e-02 5.349512e-01
1.200000e+01 3.127486e+02 1.272226e-02 5.127137e-01
1.300000e+01 3.118693e+02 1.573892e-02 5.181016e-01
1.400000e+01 3.090852e+02 1.857698e-02 5.335211e-01
1.500000e+01 3.109861e+02 2.036631e-02 5.500356e-01
1.600000e+01 3.098215e+02 2.051841e-02 5.559568e-01
1.700000e+01 3.135033e+02 1.899665e-02 5.547379e-01
1.800000e+01 3.120708e+02 1.634104e-02 5.389159e-01
1.900000e+01 3.180512e+02 1.332728e-02 5.295876e-01
2.000000e+01 3.180888e+02 1.076943e-02 5.152782e-01
2.100000e+01 3.247943e+02 9.207779e-03 5.116942e-01
2.200000e+01 3.247394e+02 8.562078e-03 5.123817e-01
2.300000e+01 3.317821e+02 8.694963e-03 5.302500e-01
2.400000e+01 3.351020e+02 9.650626e-03 5.638993e-01
2.500000e+01 3.405686e+02 1.081431e-02 5.907447e-01
2.600000e+01 3.456892e+02 1.191409e-02 6.317288e-01
2.700000e+01 3.486528e+02 1.353454e-02 6.497446e-01
2.800000e+01 3.595912e+02 1.515216e-02 6.837119e-01
2.900000e+01 3.592281e+02 1.613797e-02 6.800519e-01
3.000000e+01 3.731977e+02 1.715604e-02 6.849829e-01
3.200000e+01 3.883372e+02 1.931220e-02 6.624463e-01
3.400000e+01 4.012885e+02 2.134895e-02 6.288803e-01
3.600000e+01 4.141989e+02 2.601744e-02 5.973020e-01
3.800000e+01 4.254708e+02 3.123730e-02 5.492302e-01
4.000000e+01 4.377440e+02 3.417212e-02 4.517688e-01
4.200000e+01 4.546133e+02 3.959642e-02 4.618887e-01
4.400000e+01 4.760619e+02 4.551823e-02 3.677034e-01
4.600000e+01 5.056294e+02 5.383138e-02 3.221317e-01
4.800000e+01 5.322115e+02 6.951632e-02 2.140319e-01
5.000000e+01 5.535701e+02 8.020521e-02 1.133670e-02
5.200000e+01 5.621975e+02 8.169117e-02 -1.655243e-01
5.400000e+01 5.733102e+02 9.105048e-02 -2.237391e-01
5.600000e+01 5.896227e+02 1.009055e-01 -5.462971e-01
5.800000e+01 6.231273e+02 1.057347e-01 -5.482998e-01
6.000000e+01 6.585729e+02 1.170457e-01 -6.344321e-01
6.200000e+01 6.836459e+02 1.341394e-01 -8.072235e-01
6.400000e+01 6.903518e+02 1.465351e-01 -1.090691e+00
6.600000e+01 6.928601e+02 1.498175e-01 -1.430361e+00
6.800000e+01 7.183144e+02 1.667059e-01 -1.638060e+00
7.000000e+01 7.664799e+02 1.859906e-01 -1.652339e+00
7.200000e+01 8.129346e+02 1.927494e-01 -1.642437e+00
7.400000e+01 8.217125e+02 2.026207e-01 -2.079430e+00
7.600000e+01 8.190473e+02 2.286250e-01 -2.917475e+00
7.800000e+01 8.471034e+02 2.227490e-01 -2.473276e+00
8.000000e+01 9.038410e+02 2.426087e-01 -2.483574e+00
8.200000e+01 9.330248e+02 2.668696e-01 -2.514019e+00
8.400000e+01 9.185408e+02 2.938918e-01 -3.065313e+00
8.600000e+01 9.203962e+02 2.974669e-01 -3.445846e+00
8.800000e+01 9.861882e+02 3.333006e-01 -3.487496e+00
9.000000e+01 1.040224e+03 3.571276e-01 -2.827864e+00
9.200000e+01 1.029480e+03 3.657401e-01 -3.845632e+00
9.400000e+01 1.030736e+03 3.673896e-01 -4.104943e+00
9.600000e+01 1.101251e+03 3.801101e-01 -3.145035e+00
9.800000e+01 1.151653e+03 4.297965e-01 -3.239906e+00
1.000000e+02 1.124094e+03 4.500596e-01 -3.624437e+00
1.040000e+02 1.247513e+03 4.999885e-01 -3.165095e+00
1.080000e+02 1.226832e+03 4.709095e-01 -4.006068e+00
1.120000e+02 1.363737e+03 6.005657e-01 -9.326193e-01
1.160000e+02 1.363726e+03 6.589003e-01 -3.083556e+00
1.200000e+02 1.445952e+03 7.178323e-01 -1.521024e+00
1.240000e+02 1.554507e+03 8.663906e-01 3.426997e+00
1.280000e+02 1.513950e+03 8.336701e-01 1.013525e+00
1.320000e+02 1.613420e+03 9.532243e-01 4.052523e+00
1.360000e+02 1.749505e+03 1.251289e+00 9.537119e+00
1.400000e+02 1.734586e+03 1.330865e+00 8.118735e+00
1.440000e+02 1.721909e+03 1.348938e+00 1.095789e+01
1.480000e+02 1.894616e+03 1.866652e+00 1.817018e+01
1.520000e+02 2.009136e+03 2.096450e+00 2.450779e+01
1.560000e+02 1.931728e+03 2.290821e+00 2.385903e+01
1.600000e+02 1.935547e+03 2.410463e+00 2.392025e+01
1.640000e+02 2.007515e+03 2.917733e+00 3.438377e+01
1.680000e+02 2.169981e+03 3.966916e+00 4.333160e+01
1.720000e+02 2.217593e+03 4.617870e+00 5.549061e+01
1.760000e+02 2.280257e+03 5.064687e+00 5.619590e+01
1.800000e+02 2.211958e+03 5.049951e+00 6.029333e+01
1.840000e+02 2.223108e+03 5.971171e+00 5.984499e+01
1.880000e+02 2.216940e+03 6.685253e+00 7.166463e+01
1.920000e+02 2.255476e+03 8.607826e+00 7.653589e+01
1.960000e+02 2.305143e+03 9.943275e+00 9.430776e+01
2.000000e+02 2.435442e+03 1.218057e+01 1.039371e+02
2.040000e+02 2.402336e+03 1.436684e+01 1.210833e+02
2.080000e+02 2.525003e+03 1.652496e+01 1.320810e+02
2.120000e+02 2.511972e+03 1.906542e+01 1.465283e+02
2.160000e+02 2.523851e+03 2.111998e+01 1.590508e+02
2.200000e+02 2.561029e+03 2.478249e+01 1.649079e+02
2.240000e+02 2.492615e+03 2.696642e+01 1.807801e+02
2.280000e+02 2.542244e+03 3.085901e+01 1.850843e+02
2.320000e+02 2.509959e+03 3.464409e+01 1.979842e+02
2.360000e+02 2.458777e+03 3.746555e+01 2.069368e+02
2.400000e+02 2.420596e+03 4.205438e+01 2.062095e+02
2.440000e+02 2.292905e+03 4.488578e+01 2.147865e+02
2.480000e+02 2.320840e+03 4.722258e+01 2.135356e+02
2.520000e+02 2.280013e+03 5.028632e+01 2.104551e+02
2.560000e+02 2.313012e+03 5.195538e+01 2.252038e+02
2.600000e+02 2.294075e+03 5.598656e+01 2.316583e+02
2.640000e+02 2.352247e+03 6.331515e+01 2.491429e+02
2.680000e+02 2.260894e+03 7.311745e+01 2.832908e+02
2.720000e+02 2.258317e+03 8.558461e+01 2.993405e+02
2.760000e+02 2.235497e+03 9.872897e+01 2.904304e+02
2.800000e+02 2.124062e+03 1.034662e+02 2.785238e+02
2.840000e+02 1.947748e+03 9.955273e+01 2.663134e+02
2.880000e+02 2.039523e+03 9.985530e+01 2.663713e+02
2.920000e+02 2.014328e+03 1.111119e+02 2.865448e+02
2.960000e+02 2.041769e+03 1.306780e+02 3.200574e+02
3.000000e+02 1.839932e+03 1.497092e+02 3.207190e+02
3.040000e+02 1.792682e+03 1.535538e+02 2.774659e+02
3.080000e+02 1.750083e+03 1.448531e+02 2.498965e+02
3.120000e+02 1.845445e+03 1.498146e+02 2.856959e+02
3.160000e+02 1.723261e+03 1.783343e+02 3.209004e+02
3.200000e+02 1.599719e+03 2.032128e+02 2.877601e+02
3.240000e+02 1.602875e+03 1.938176e+02 2.376196e+02
3.280000e+02 1.582974e+03 1.833801e+02 2.462305e+02
3.320000e+02 1.628759e+03 2.155432e+02 2.852502e+02
3.360000e+02 1.478558e+03 2.480411e+02 2.537772e+02
3.400000e+02 1.372375e+03 2.322532e+02 2.131155e+02
3.440000e+02 1.475562e+03 2.190808e+02 2.331846e+02
3.480000e+02 1.471184e+03 2.667227e+02 2.435981e+02
3.520000e+02 1.423406e+03 2.932317e+02 1.667061e+02
3.560000e+02 1.424468e+03 2.551121e+02 1.513617e+02
3.600000e+02 1.322982e+03 2.723224e+02 1.958709e+02
3.640000e+02 1.298869e+03 3.266802e+02 1.551555e+02
3.680000e+02 1.278745e+03 2.967818e+02 1.129867e+02
3.720000e+02 1.270943e+03 2.838944e+02 1.551228e+02
3.760000e+02 1.221065e+03 3.541022e+02 1.054945e+02
3.800000e+02 1.274140e+03 3.352445e+02 4.097296e+01
3.840000e+02 1.079577e+03 3.057458e+02 7.688097e+01
3.880000e+02 1.132373e+03 3.829639e+02 2.470558e+01
3.920000e+02 1.285015e+03 3.556972e+02 -2.085391e+01
3.960000e+02 1.194163e+03 3.281197e+02 3.716140e+01
4.000000e+02 1.236992e+03 4.071464e+02 -4.525656e+01
4.040000e+02 1.301799e+03 3.570738e+02 -5.404233e+01
4.080000e+02 1.247091e+03 3.561964e+02 -1.970126e+01
4.120000e+02 1.344231e+03 4.233138e+02 -1.213986e+02
4.160000e+02 1.081757e+03 3.444575e+02 -7.329168e+01
4.200000e+02 1.291900e+03 3.999550e+02 -9.999424e+01
4.240000e+02 1.548202e+03 4.072423e+02 -1.624655e+02
4.280000e+02 1.180942e+03 3.484781e+02 -9.211623e+01
4.320000e+02 1.281378e+03 4.361357e+02 -2.068881e+02
4.360000e+02 1.285593e+03 3.602393e+02 -1.573472e+02
4.400000e+02 1.406528e+03 3.953566e+02 -1.888829e+02
4.440000e+02 1.300875e+03 4.081337e+02 -2.595048e+02
4.480000e+02 1.363560e+03 3.500895e+02 -1.674834e+02
4.520000e+02 1.613089e+03 4.279032e+02 -3.011662e+02
4.560000e+02 1.241655e+03 3.409050e+02 -2.136884e+02
4.600000e+02 1.557275e+03 4.072144e+02 -3.025207e+02
4.640000e+02 1.387653e+03 3.605602e+02 -2.851191e+02
4.680000e+02 1.659639e+03 3.605018e+02 -2.622630e+02
4.720000e+02 1.680041e+03 3.830923e+02 -3.375560e+02
4.760000e+02 1.763153e+03 3.235893e+02 -2.559815e+02
4.800000e+02 2.023318e+03 3.852014e+02 -3.678109e+02
4.840000e+02 1.834566e+03 3.023615e+02 -2.541339e+02
4.880000e+02 1.725799e+03 3.715708e+02 -4.052789e+02
4.920000e+02 1.612429e+03 2.913348e+02 -2.705050e+02
4.960000e+02 1.998502e+03 3.448544e+02 -3.745409e+02
5.000000e+02 1.758441e+03 2.843066e+02 -2.743754e+02
5.080000e+02 1.807350e+03 2.760420e+02 -2.869224e+02
5.160000e+02 1.595986e+03 2.617364e+02 -3.057165e+02
5.240000e+02 2.043405e+03 2.485642e+02 -2.826240e+02
5.320000e+02 1.994300e+03 2.327560e+02 -2.803765e+02
5.400000e+02 2.037428e+03 2.051639e+02 -2.400187e+02
5.480000e+02 1.807654e+03 1.834308e+02 -2.273138e+02
5.560000e+02 2.361565e+03 1.621721e+02 -1.715977e+02
5.640000e+02 2.216207e+03 1.394324e+02 -1.486077e+02
5.720000e+02 2.018917e+03 1.199722e+02 -1.125152e+02
5.800000e+02 2.705878e+03 1.044269e+02 -6.777733e+01
5.880000e+02 2.032618e+03 9.746225e+01 -8.815561e+01
5.960000e+02 2.212993e+03 8.448488e+01 -6.001653e+01
6.040000e+02 2.112373e+03 8.154028e+01 -1.121887e+02
6.120000e+02 2.094076e+03 7.763878e+01 -1.001309e+02
6.200000e+02 3.015561e+03 6.969822e+01 4.730677e+01
6.280000e+02 2.511065e+03 5.350810e+01 2.462262e+01
6.360000e+02 2.353958e+03 5.271991e+01 4.068161e+01
6.440000e+02 1.987265e+03 5.255107e+01 -5.421587e+00
6.520000e+02 2.449626e+03 5.710142e+01 1.028203e+02
6.600000e+02 3.035531e+03 6.312949e+01 1.360610e+02
6.680000e+02 2.914627e+03 5.659538e+01 9.775702e+01
6.760000e+02 2.295591e+03 5.449611e+01 9.005123e+01
6.840000e+02 2.464319e+03 6.126935e+01 1.183386e+02
6.920000e+02 2.981360e+03 6.500861e+01 1.672219e+02
7.000000e+02 3.172757e+03 7.721089e+01 1.327339e+02
7.080000e+02 2.701631e+03 9.233046e+01 2.099377e+02
7.160000e+02 3.007428e+03 7.534506e+01 8.746375e+01
7.240000e+02 3.035082e+03 7.629048e+01 1.159709e+02
7.320000e+02 2.369934e+03 8.918516e+01 1.586493e+02
7.400000e+02 2.827123e+03 8.266730e+01 1.764509e+02
7.480000e+02 3.234699e+03 8.728677e+01 5.981693e+01
7.560000e+02 3.749091e+03 9.708786e+01 2.050705e+02
7.640000e+02 3.306065e+03 1.315940e+02 1.845617e+02
7.720000e+02 3.354825e+03 1.370920e+02 2.377215e+02
7.800000e+02 3.295473e+03 1.373596e+02 2.463036e+02
7.880000e+02 3.741800e+03 1.278525e+02 2.367392e+02
7.960000e+02 4.150956e+03 1.488409e+02 3.683562e+02
8.040000e+02 4.510983e+03 1.620889e+02 3.147390e+02
8.120000e+02 3.111255e+03 1.647446e+02 2.188923e+02
8.200000e+02 3.597102e+03 2.032855e+02 4.431873e+02
8.280000e+02 4.086412e+03 2.277216e+02 4.486818e+02
8.360000e+02 3.746468e+03 1.937261e+02 2.482838e+02
8.440000e+02 4.029497e+03 2.404177e+02 4.419688e+02
8.520000e+02 3.548764e+03 2.824836e+02 4.210250e+02
8.600000e+02 5.016950e+03 3.062329e+02 5.321911e+02
8.680000e+02 5.055923e+03 3.036949e+02 5.595733e+02
8.760000e+02 3.709728e+03 3.288745e+02 5.256604e+02
8.840000e+02 5.057651e+03 3.386608e+02 6.087443e+02
8.920000e+02 4.428988e+03 4.271269e+02 5.556585e+02
9.000000e+02 4.379128e+03 4.507441e+02 6.709104e+02
9.080000e+02 5.376474e+03 3.965787e+02 4.325756e+02
9.160000e+02 4.608674e+03 5.251757e+02 7.391471e+02
9.240000e+02 4.254821e+03 3.534634e+02 3.900370e+02
9.320000e+02 4.959344e+03 5.963818e+02 6.802460e+02
9.400000e+02 4.682150e+03 4.975177e+02 5.014248e+02
9.480000e+02 5.860551e+03 5.690272e+02 5.970537e+02
9.560000e+02 5.003346e+03 7.500361e+02 6.424236e+02
9.640000e+02 4.455874e+03 5.173964e+02 5.408520e+02
9.720000e+02 6.047876e+03 7.729508e+02 7.718702e+02
9.800000e+02 4.476699e+03 5.192267e+02 4.065897e+02
9.880000e+02 6.358288e+03 8.225357e+02 8.569258e+02
9.960000e+02 3.767432e+03 5.354971e+02 3.142488e+02
1.004000e+03 5.342534e+03 7.746210e+02 7.191631e+02
1.012000e+03 6.112886e+03 6.341502e+02 5.449183e+02
1.020000e+03 5.185555e+03 6.031877e+02 3.931476e+02
1.028000e+03 6.298161e+03 7.512745e+02 6.027750e+02
1.036000e+03 4.304712e+03 5.220082e+02 2.905200e+02
1.044000e+03 5.865192e+03 8.310985e+02 3.550849e+02
1.052000e+03 6.187607e+03 4.753321e+02 2.548275e+02
1.060000e+03 6.214989e+03 8.821521e+02 7.433980e+02
1.068000e+03 5.255572e+03 5.033293e+02 3.928621e+02
1.076000e+03 6.310857e+03 8.359915e+02 5.450770e+02
1.084000e+03 6.848479e+03 4.485032e+02 8.920185e+01
1.092000e+03 6.016084e+03 6.559584e+02 4.216262e+02
1.100000e+03 6.370049e+03 3.949193e+02 2.383241e+02
1.108000e+03 5.938708e+03 6.536142e+02 3.758566e+02
1.116000e+03 8.815568e+03 4.207290e+02 3.123806e+02
1.124000e+03 8.229953e+03 6.975842e+02 6.897564e+02
1.132000e+03 7.984981e+03 6.634914e+02 8.492109e+02
1.140000e+03 7.896013e+03 7.563996e+02 3.954448e+02
1.148000e+03 5.651516e+03 5.757164e+02 2.330079e+02
1.156000e+03 9.296541e+03 6.520909e+02 3.042840e+02
1.164000e+03 9.159618e+03 5.135743e+02 4.363757e+02
1.172000e+03 6.537797e+03 4.711957e+02 1.551868e+02
1.180000e+03 8.855465e+03 3.939940e+02 3.962677e+02
1.188000e+03 7.675237e+03 4.485554e+02 3.263048e+02
1.196000e+03 7.909787e+03 5.201227e+02 4.235088e+02
1.204000e+03 9.904247e+03 3.182685e+02 9.951239e+00
1.212000e+03 1.014251e+04 4.577096e+02 3.561677e+02
1.220000e+03 9.444121e+03 3.528060e+02 2.535735e+02
1.228000e+03 1.159163e+04 5.102309e+02 2.697022e+02
1.236000e+03 1.020432e+04 3.905845e+02 2.585087e+02
1.244000e+03 9.001150e+03 4.753530e+02 5.560386e+02
1.252000e+03 8.896804e+03 3.275561e+02 2.480057e+02
1.260000e+03 1.042216e+04 4.132653e+02 4.169820e+02
1.268000e+03 8.913815e+03 3.483006e+02 3.180832e+02
1.276000e+03 7.931334e+03 3.559416e+02 1.714598e+02
1.284000e+03 9.539863e+03 4.461217e+02 3.586164e+02
1.292000e+03 1.065946e+04 3.531407e+02 1.636574e+02
1.300000e+03 1.036471e+04 4.229000e+02 3.827273e+02
1.308000e+03 9.119345e+03 4.660883e+02 2.699217e+02
1.316000e+03 1.030054e+04 3.591764e+02 1.012951e+02
1.324000e+03 1.006776e+04 3.854001e+02 1.750525e+02
1.332000e+03 1.054562e+04 4.923073e+02 3.532361e+02
1.340000e+03 1.163911e+04 4.552606e+02 2.449114e+02
1.348000e+03 1.048493e+04 4.190055e+02 2.434464e+02
1.356000e+03 9.969017e+03 4.612514e+02 1.703305e+02
1.364000e+03 1.043888e+04 5.205406e+02 2.718352e+02
1.372000e+03 1.100278e+04 4.442116e+02 5.389776e+02
1.380000e+03 1.228083e+04 2.919058e+02 3.009391e+01
1.388000e+03 1.026441e+04 5.969235e+02 2.087135e+02
1.396000e+03 8.728401e+03 5.523345e+02 4.923837e+02
1.404000e+03 1.129228e+04 5.121471e+02 6.576797e+02
1.412000e+03 1.158558e+04 5.329901e+02 1.096679e+02
1.420000e+03 1.220915e+04 7.603793e+02 1.107344e+03
1.428000e+03 1.291539e+04 5.992717e+02 6.460626e+02
1.436000e+03 1.731946e+04 4.668230e+02 4.154552e+02
1.444000e+03 1.368035e+04 7.878403e+02 7.237430e+02
1.452000e+03 1.656547e+04 6.326853e+02 6.938712e+02
1.460000e+03 1.573470e+04 9.247152e+02 7.519381e+02
1.468000e+03 1.106178e+04 8.965718e+02 6.291289e+02
1.476000e+03 1.480984e+04 1.059803e+03 1.239036e+03
1.484000e+03 1.440584e+04 1.103626e+03 1.168226e+03
1.492000e+03 1.328101e+04 1.115998e+03 1.221846e+03
1.500000e+03 1.986410e+04 1.308388e+03 1.405256e+03
1.512000e+03 1.791930e+04 1.250734e+03 1.241465e+03
1.524000e+03 1.660362e+04 1.300532e+03 8.568610e+02
1.536000e+03 2.075454e+04 1.688662e+03 3.099232e+03
1.548000e+03 1.929826e+04 1.313753e+03 8.023010e+02
1.560000e+03 2.428848e+04 1.964849e+03 2.805051e+03
1.572000e+03 1.915621e+04 1.462303e+03 1.670816e+03
1.584000e+03 2.532665e+04 2.256870e+03 2.898666e+03
1.596000e+03 2.488586e+04 1.659531e+03 1.545689e+03
1.608000e+03 2.339375e+04 2.711938e+03 3.917722e+03
1.620000e+03 2.223543e+04 2.248778e+03 1.913581e+03
1.632000e+03 2.604913e+04 3.249150e+03 3.986610e+03
1.644000e+03 2.315571e+04 3.053929e+03 3.967758e+03
1.656000e+03 2.602947e+04 3.594529e+03 5.804293e+03
1.668000e+03 2.528985e+04 3.642479e+03 4.740887e+03
1.680000e+03 3.651955e+04 3.628641e+03 6.248727e+03
1.692000e+03 3.507743e+04 4.170645e+03 6.613244e+03
1.704000e+03 3.325365e+04 3.717656e+03 5.012608e+03
1.716000e+03 3.230088e+04 5.219730e+03 7.510183e+03
1.728000e+03 2.564270e+04 4.118520e+03 3.798198e+03
1.740000e+03 4.376877e+04 5.137194e+03 1.021966e+04
1.752000e+03 3.441923e+04 4.071023e+03 6.112640e+03
1.764000e+03 4.632652e+04 4.535972e+03 8.363840e+03
1.776000e+03 3.250486e+04 4.756365e+03 6.748143e+03
1.788000e+03 3.167971e+04 5.447752e+03 7.119344e+03
1.800000e+03 3.860591e+04 3.882146e+03 6.624781e+03
1.812000e+03 4.347533e+04 6.580641e+03 9.223849e+03
1.824000e+03 2.350429e+04 5.273376e+03 4.298073e+03
1.836000e+03 4.167912e+04 6.828791e+03 1.129637e+04
1.848000e+03 4.131238e+04 9.031387e+03 1.232855e+04
1.860000e+03 3.698654e+04 6.903043e+03 7.652965e+03
1.872000e+03 4.592240e+04 9.179671e+03 1.494812e+04
1.884000e+03 5.040759e+04 6.979768e+03 1.255459e+04
1.896000e+03 4.477181e+04 8.896616e+03 1.303992e+04
1.908000e+03 3.098103e+04 4.454164e+03 4.691181e+03
1.920000e+03 5.341983e+04 8.336184e+03 1.464688e+04
1.932000e+03 2.637457e+04 8.758825e+03 8.500814e+03
1.944000e+03 3.975081e+04 9.376172e+03 1.195386e+04
1.956000e+03 4.088384e+04 1.106731e+04 1.409404e+04
1.968000e+03 4.741308e+04 7.864213e+03 1.463897e+04
1.980000e+03 4.382957e+04 1.226282e+04 1.685825e+04
1.992000e+03 2.269404e+04 5.407888e+03 2.859704e+03
2.004000e+03 4.232927e+04 9.621958e+03 1.386512e+04
2.016000e+03 2.434574e+04 1.010389e+04 9.830346e+03
2.028000e+03 4.156347e+04 1.052859e+04 1.550057e+04
2.040000e+03 3.849465e+04 1.309836e+04 1.731428e+04
2.052000e+03 3.032960e+04 5.930617e+03 5.767982e+03
2.064000e+03 3.737403e+04 1.002334e+04 1.371298e+04
2.076000e+03 1.799692e+04 7.192710e+03 4.642795e+03
2.088000e+03 3.125074e+04 9.530417e+03 1.274037e+04
2.100000e+03 2.416833e+04 1.172321e+04 1.090404e+04
2.112000e+03 1.193699e+04 4.228865e+03 1.694261e+03
2.124000e+03 1.237877e+04 6.605880e+03 1.095645e+02
2.136000e+03 1.209611e+04 5.515483e+03 -5.633883e+01
2.148000e+03 1.572039e+04 4.947105e+03 1.634679e+03
2.160000e+03 1.872391e+04 5.640293e+03 1.857772e+03
2.172000e+03 1.555858e+04 3.698120e+03 4.348205e+02
2.184000e+03 1.714846e+04 7.802624e+03 3.235688e+03
2.196000e+03 1.558648e+04 6.450360e+03 1.442120e+03
2.208000e+03 1.172389e+04 4.758104e+03 8.183978e+02
2.220000e+03 1.149394e+04 6.556583e+03 1.858007e+03
2.232000e+03 1.506863e+04 4.518679e+03 1.092934e+03
2.244000e+03 1.753411e+04 5.798395e+03 2.111605e+03
2.256000e+03 1.325453e+04 6.740886e+03 1.317390e+03
2.268000e+03 1.215982e+04 5.574011e+03 8.640187e+02
2.280000e+03 1.477943e+04 6.968888e+03 3.457781e+03
2.292000e+03 1.698809e+04 6.549811e+03 2.100197e+03
2.304000e+03 1.619402e+04 6.290856e+03 1.964829e+03
2.316000e+03 1.523042e+04 8.298808e+03 3.869233e+03
2.328000e+03 1.645865e+04 7.426940e+03 3.383690e+03
2.340000e+03 2.354230e+04 9.020643e+03 3.811625e+03
2.352000e+03 1.694413e+04 8.966002e+03 3.560676e+03
2.364000e+03 2.066102e+04 7.279236e+03 2.586700e+03
2.376000e+03 2.581182e+04 1.057525e+04 7.057921e+03
2.388000e+03 2.042382e+04 9.770743e+03 5.524964e+03
2.400000e+03 2.775328e+04 6.831913e+03 4.439477e+03
2.412000e+03 2.397446e+04 1.219864e+04 8.842497e+03
2.424000e+03 2.724454e+04 1.061607e+04 8.120489e+03
2.436000e+03 2.909502e+04 7.398714e+03 6.391958e+03
2.448000e+03 2.215618e+04 1.284248e+04 8.487218e+03
2.460000e+03 2.387896e+04 8.491539e+03 4.883142e+03
2.472000e+03 2.698514e+04 9.262336e+03 7.862762e+03
2.484000e+03 2.808388e+04 8.445567e+03 3.602524e+03
2.496000e+03 2.606695e+04 6.742260e+03 3.000315e+03
