# ell  Dl_TT  Dl_EE  Dl_TE
       2    1.912592e+02    6.171918e-03   -9.843233e-02
       3    2.155848e+02    1.433979e-02    4.903414e-01
       4    2.515815e+02    1.521444e-02    8.583234e-01
       5    2.600411e+02    1.095425e-02    8.569370e-01
       6    2.553532e+02    6.322677e-03    7.145513e-01
       7    2.506515e+02    3.355894e-03    5.557355e-01
       8    2.481817e+02    2.006154e-03    4.213969e-01
       9    2.478769e+02    1.516817e-03    3.238065e-01
      10    2.494192e+02    1.283306e-03    2.624222e-01
      11    2.535397e+02    1.082751e-03    2.308991e-01
      12    2.578420e+02    9.274926e-04    2.195200e-01
      13    2.652292e+02    8.626356e-04    2.201612e-01
      14    2.713364e+02    8.713785e-04    2.278416e-01
      15    2.825529e+02    9.117157e-04    2.367807e-01
      16    2.880173e+02    9.727282e-04    2.460680e-01
      17    3.046026e+02    1.060169e-03    2.526049e-01
      18    3.082444e+02    1.187655e-03    2.577300e-01
      19    3.305975e+02    1.376279e-03    2.608580e-01
      20    3.326831e+02    1.620536e-03    2.667297e-01
      21    3.584810e+02    1.908476e-03    2.704556e-01
      22    3.606667e+02    2.244334e-03    2.788066e-01
      23    3.874972e+02    2.614137e-03    2.834868e-01
      24    3.905362e+02    3.010933e-03    2.815548e-01
      25    4.177604e+02    3.463674e-03    2.727486e-01
      26    4.263232e+02    3.975295e-03    2.607356e-01
      27    4.471296e+02    4.513000e-03    2.527776e-01
      28    4.694489e+02    5.080144e-03    2.359598e-01
      29    4.807124e+02    5.706818e-03    2.186027e-01
      30    5.080734e+02    6.411550e-03    1.879844e-01
      32    5.538234e+02    8.038788e-03    1.202474e-01
      34    5.951156e+02    9.931271e-03    2.418636e-02
      36    6.317681e+02    1.225096e-02   -8.585869e-02
      38    6.640852e+02    1.488556e-02   -1.950791e-01
      40    6.966297e+02    1.788675e-02   -3.554103e-01
      42    7.308757e+02    2.143585e-02   -5.279235e-01
      44    7.770779e+02    2.541443e-02   -7.525846e-01
      46    8.436705e+02    3.008111e-02   -1.001548e+00
      48    9.150799e+02    3.509970e-02   -1.253853e+00
      50    9.785913e+02    4.090780e-02   -1.556798e+00
      52    1.015802e+03    4.740624e-02   -1.869679e+00
      54    1.034289e+03    5.446618e-02   -2.220397e+00
      56    1.049517e+03    6.253296e-02   -2.631738e+00
      58    1.111061e+03    7.112760e-02   -3.086109e+00
      60    1.205231e+03    8.045802e-02   -3.570151e+00
      62    1.296312e+03    9.089415e-02   -4.074141e+00
      64    1.343407e+03    1.018442e-01   -4.612145e+00
      66    1.328528e+03    1.137393e-01   -5.166745e+00
      68    1.347096e+03    1.268798e-01   -5.797231e+00
      70    1.453959e+03    1.405654e-01   -6.482471e+00
      72    1.596807e+03    1.551106e-01   -7.245350e+00
      74    1.656472e+03    1.708904e-01   -7.973503e+00
      76    1.635331e+03    1.873871e-01   -8.664392e+00
      78    1.630142e+03    2.045442e-01   -9.493335e+00
      80    1.786410e+03    2.228981e-01   -1.046523e+01
      82    1.952440e+03    2.421223e-01   -1.134040e+01
      84    1.918937e+03    2.618001e-01   -1.211957e+01
      86    1.843457e+03    2.822723e-01   -1.312328e+01
      88    1.986127e+03    3.039795e-01   -1.422832e+01
      90    2.210376e+03    3.261245e-01   -1.525624e+01
      92    2.213622e+03    3.485871e-01   -1.621675e+01
      94    2.109605e+03    3.715514e-01   -1.727852e+01
      96    2.246397e+03    3.955609e-01   -1.852157e+01
      98    2.525528e+03    4.199354e-01   -1.956652e+01
     100    2.432297e+03    4.441169e-01   -2.053695e+01
     104    2.682533e+03    4.941902e-01   -2.319201e+01
     108    2.523950e+03    5.438739e-01   -2.534918e+01
     112    3.057918e+03    5.935311e-01   -2.748926e+01
     116    2.928230e+03    6.430204e-01   -3.024162e+01
     120    3.125520e+03    6.894569e-01   -3.253084e+01
     124    3.446651e+03    7.343641e-01   -3.432085e+01
     128    3.385497e+03    7.761910e-01   -3.673013e+01
     132    3.626395e+03    8.131795e-01   -3.891723e+01
     136    3.850610e+03    8.449146e-01   -4.060056e+01
     140    3.829002e+03    8.735836e-01   -4.233840e+01
     144    4.003359e+03    8.947981e-01   -4.340136e+01
     148    4.374218e+03    9.135861e-01   -4.450434e+01
     152    4.483207e+03    9.205124e-01   -4.603481e+01
     156    4.308511e+03    9.210460e-01   -4.697935e+01
     160    4.424284e+03    9.204254e-01   -4.730791e+01
     164    4.755572e+03    9.126566e-01   -4.601035e+01
     168    5.119897e+03    9.019067e-01   -4.523418e+01
     172    5.192593e+03    8.737620e-01   -4.477685e+01
     176    5.137573e+03    8.439736e-01   -4.515966e+01
     180    5.058639e+03    8.052266e-01   -4.430716e+01
     184    5.070058e+03    7.739715e-01   -4.326078e+01
     188    5.173209e+03    7.380201e-01   -3.998229e+01
     192    5.342808e+03    7.190876e-01   -3.659609e+01
     196    5.471313e+03    6.938400e-01   -3.167795e+01
     200    5.730300e+03    6.714168e-01   -2.826709e+01
     204    5.732460e+03    6.397748e-01   -2.326628e+01
     208    5.877463e+03    6.241014e-01   -1.941108e+01
     212    5.876990e+03    6.083612e-01   -1.422997e+01
     216    5.907592e+03    5.904305e-01   -9.196200e+00
     220    5.914171e+03    6.010750e-01   -4.318653e+00
     224    5.829957e+03    6.079455e-01    2.111328e+00
     228    5.865271e+03    6.539301e-01    6.649920e+00
     232    5.807661e+03    6.977698e-01    1.280949e+01
     236    5.722963e+03    7.707539e-01    1.829799e+01
     240    5.734145e+03    8.586168e-01    2.352540e+01
     244    5.454026e+03    9.340526e-01    2.869112e+01
     248    5.278305e+03    1.003106e+00    3.177162e+01
     252    5.141470e+03    1.053757e+00    3.387779e+01
     256    5.076839e+03    1.075127e+00    3.661360e+01
     260    4.986337e+03    1.111608e+00    4.115083e+01
     264    4.946866e+03    1.261617e+00    4.847873e+01
     268    4.942372e+03    1.546508e+00    5.924635e+01
     272    4.981959e+03    2.003266e+00    6.887105e+01
     276    4.923878e+03    2.527669e+00    7.533208e+01
     280    4.490528e+03    2.886670e+00    7.671071e+01
     284    4.172866e+03    2.926521e+00    7.523227e+01
     288    4.186717e+03    2.806329e+00    7.274112e+01
     292    4.175665e+03    2.987341e+00    7.926491e+01
     296    4.092517e+03    3.699727e+00    9.166065e+01
     300    3.778661e+03    4.646039e+00    9.910055e+01
     304    3.668254e+03    5.041191e+00    9.336188e+01
     308    3.487799e+03    4.770108e+00    8.513234e+01
     312    3.430062e+03    4.701231e+00    9.012666e+01
     316    3.247754e+03    5.708156e+00    1.016121e+02
     320    3.134757e+03    6.902739e+00    1.036445e+02
     324    2.924651e+03    6.869824e+00    8.944935e+01
     328    2.817802e+03    6.293283e+00    8.846724e+01
     332    2.791043e+03    7.086637e+00    9.832322e+01
     336    2.445959e+03    8.674198e+00    9.680506e+01
     340    2.288878e+03    8.513292e+00    8.500585e+01
     344    2.374632e+03    7.702615e+00    8.378497e+01
     348    2.196840e+03    8.971406e+00    9.224950e+01
     352    2.095077e+03    1.025286e+01    8.122855e+01
     356    1.958527e+03    9.249948e+00    6.847193e+01
     360    1.933352e+03    9.237166e+00    7.721874e+01
     364    1.651760e+03    1.113290e+01    7.143191e+01
     368    1.595116e+03    1.068831e+01    5.656463e+01
     372    1.496400e+03    9.738975e+00    6.393367e+01
     376    1.514595e+03    1.155987e+01    6.019363e+01
     380    1.443174e+03    1.144362e+01    4.203451e+01
     384    1.407763e+03    1.012502e+01    4.997470e+01
     388    1.392529e+03    1.184573e+01    4.260204e+01
     392    1.356844e+03    1.154681e+01    2.436866e+01
     396    1.217407e+03    1.033873e+01    3.368671e+01
     400    1.264582e+03    1.201303e+01    2.178561e+01
     404    1.287052e+03    1.105566e+01    8.210181e+00
     408    1.090217e+03    1.054670e+01    1.821851e+01
     412    1.169122e+03    1.179104e+01    1.614753e-02
     416    1.117129e+03    1.013546e+01    4.516029e-02
     420    9.663995e+02    1.078953e+01   -1.366274e-01
     424    1.029554e+03    1.076064e+01   -1.362422e+01
     428    1.063451e+03    9.406510e+00   -5.121105e+00
     432    1.050464e+03    1.052570e+01   -2.300359e+01
     436    9.809734e+02    9.156343e+00   -1.777993e+01
     440    9.679882e+02    9.246761e+00   -1.908990e+01
     444    1.106036e+03    8.992933e+00   -3.196381e+01
     448    1.070409e+03    8.117420e+00   -2.367519e+01
     452    1.169059e+03    8.566764e+00   -3.950287e+01
     456    1.033751e+03    7.243899e+00   -2.755737e+01
     460    1.250103e+03    7.468872e+00   -3.818149e+01
     464    1.322455e+03    6.650559e+00   -3.911017e+01
     468    1.174191e+03    6.518079e+00   -3.684341e+01
     472    1.394092e+03    5.938523e+00   -3.931319e+01
     476    1.315211e+03    5.383488e+00   -3.259694e+01
     480    1.655680e+03    5.033182e+00   -3.982232e+01
     484    1.409311e+03    4.640938e+00   -3.170862e+01
     488    1.622300e+03    4.495961e+00   -3.377642e+01
     492    1.410314e+03    4.064533e+00   -2.234840e+01
     496    1.595144e+03    3.947035e+00   -2.393562e+01
     500    1.469357e+03    3.779693e+00   -1.590923e+01
     508    1.360178e+03    4.013079e+00   -1.801308e+01
     516    1.498622e+03    3.748304e+00   -1.736475e+01
     524    1.713976e+03    3.209276e+00   -9.374965e+00
     532    1.719473e+03    3.511341e+00    1.948325e+00
     540    1.508797e+03    4.729861e+00    1.230301e+01
     548    1.456804e+03    5.638774e+00    7.021291e+00
     556    1.700796e+03    5.467214e+00    9.244533e+00
     564    1.503706e+03    6.687207e+00    2.277407e+01
     572    1.377796e+03    8.455073e+00    6.113502e+00
     580    1.483515e+03    7.866371e+00    5.321588e+00
     588    1.387593e+03    8.579439e+00    1.898310e+01
     596    1.412414e+03    9.700407e+00    1.082655e+01
     604    1.700087e+03    9.717863e+00    2.572364e+01
     612    1.380406e+03    1.349556e+01    3.957761e+01
     620    1.593619e+03    1.609779e+01    2.661839e+01
     628    1.172429e+03    1.965283e+01    3.318698e+01
     636    1.312017e+03    2.048113e+01   -1.177331e+01
     644    1.222361e+03    1.833593e+01   -9.417665e+00
     652    1.331595e+03    1.645255e+01   -2.191444e+01
     660    1.294969e+03    1.680549e+01    6.181991e+00
     668    1.265297e+03    2.182225e+01   -1.534134e+01
     676    1.054816e+03    2.446564e+01   -2.358033e+01
     684    1.419035e+03    2.216230e+01   -6.894992e+01
     692    1.201900e+03    1.787831e+01   -4.208579e+01
     700    1.374140e+03    1.692629e+01   -3.018370e+01
     708    1.098023e+03    2.247433e+01   -5.581547e+01
     716    1.370106e+03    2.151611e+01   -8.062376e+01
     724    1.489901e+03    1.627481e+01   -8.222544e+01
     732    1.096450e+03    1.491110e+01   -4.803101e+01
     740    1.442434e+03    1.696121e+01   -7.542450e+01
     748    1.704958e+03    1.607275e+01   -1.110475e+02
     756    1.521925e+03    1.141427e+01   -5.824480e+01
     764    1.422511e+03    1.169084e+01   -4.989907e+01
     772    1.684700e+03    1.284291e+01   -9.338310e+01
     780    1.829270e+03    9.498864e+00   -7.341423e+01
     788    1.601594e+03    7.703880e+00   -3.685233e+01
     796    1.908681e+03    8.269790e+00   -6.620279e+01
     804    1.960314e+03    7.711711e+00   -5.474778e+01
     812    1.484126e+03    7.457988e+00   -2.317741e+01
     820    1.871346e+03    6.059077e+00   -3.469391e+01
     828    2.130031e+03    5.107249e+00   -1.161469e+01
     836    1.419138e+03    7.284000e+00   -1.282162e+01
     844    1.757321e+03    6.644176e+00   -1.804761e+01
     852    1.989033e+03    7.032042e+00    3.882732e+01
     860    1.419449e+03    8.224860e+00    1.600517e+01
     868    1.955169e+03    6.310751e+00    9.540391e+00
     876    1.573292e+03    9.135635e+00    4.478459e+01
     884    1.247140e+03    1.078889e+01    1.047234e+01
     892    1.792749e+03    1.256239e+01    6.276983e+01
     900    1.243056e+03    1.399464e+01    5.258962e+01
     908    1.459536e+03    1.191707e+01    3.965770e+01
     916    1.374713e+03    1.467880e+01    7.382112e+01
     924    1.030993e+03    1.248817e+01    1.291064e+01
     932    1.431422e+03    1.765142e+01    5.313297e+01
     940    8.288024e+02    1.895867e+01    2.181350e+01
     948    1.144494e+03    1.921252e+01    3.445102e+01
     956    8.049047e+02    2.459868e+01    4.592010e+01
     964    9.606100e+02    1.805503e+01    1.940447e+01
     972    8.368818e+02    2.580715e+01    5.356322e+01
     980    8.235672e+02    1.750187e+01    6.597575e+00
     988    7.214926e+02    2.373036e+01    3.856334e+01
     996    7.797951e+02    1.815209e+01   -8.110091e+00
    1004    6.544616e+02    1.966068e+01    1.518903e+01
    1012    8.082027e+02    1.883192e+01   -1.402172e+01
    1020    6.967286e+02    1.645140e+01   -7.148431e-01
    1028    7.315416e+02    2.106264e+01   -2.260802e+01
    1036    7.166948e+02    1.528713e+01   -2.248824e+01
    1044    8.220000e+02    2.077430e+01   -4.325348e+01
    1052    8.024084e+02    1.203483e+01   -2.977066e+01
    1060    7.393992e+02    1.882526e+01   -4.318036e+01
    1068    8.648707e+02    1.155883e+01   -2.852945e+01
    1076    8.518540e+02    1.722219e+01   -6.447894e+01
    1084    8.377522e+02    9.492075e+00   -2.403832e+01
    1092    8.831701e+02    1.332950e+01   -4.864843e+01
    1100    7.105626e+02    9.476938e+00   -2.870337e+01
    1108    9.900715e+02    1.242815e+01   -4.738158e+01
    1116    7.453777e+02    6.513935e+00   -2.413084e+01
    1124    8.172729e+02    1.145223e+01   -3.873724e+01
    1132    7.846267e+02    7.710093e+00   -1.660010e+01
    1140    9.039821e+02    7.216790e+00   -4.132179e+01
    1148    6.494446e+02    8.888817e+00   -1.455261e+01
    1156    1.089823e+03    7.461631e+00   -2.627955e+01
    1164    7.505847e+02    5.664179e+00   -1.417389e+01
    1172    9.925922e+02    8.901571e+00   -9.904921e+00
    1180    8.388251e+02    8.463272e+00    4.467187e+00
    1188    9.841861e+02    6.533124e+00    1.388261e+01
    1196    8.117855e+02    1.085320e+01   -7.297493e+00
    1204    8.130493e+02    1.230467e+01    1.515231e+01
    1212    7.026645e+02    8.616710e+00    5.643875e+00
    1220    7.708985e+02    9.333843e+00   -3.520021e+00
    1228    7.597716e+02    1.074654e+01   -3.147216e+00
    1236    5.576537e+02    1.118307e+01    9.512743e+00
    1244    7.363504e+02    1.082362e+01    3.575263e+01
    1252    6.072649e+02    1.313695e+01    2.432982e+00
    1260    6.975839e+02    2.037875e+01    1.237526e+01
    1268    4.777196e+02    1.618254e+01   -9.961655e+00
    1276    5.110370e+02    1.686491e+01    9.723857e+00
    1284    5.823276e+02    1.066381e+01   -2.511360e+00
    1292    5.917285e+02    1.484605e+01   -1.202387e+01
    1300    5.395018e+02    1.868321e+01   -4.604879e-01
    1308    4.535300e+02    1.762346e+01   -1.697972e+01
    1316    3.843693e+02    2.361680e+01   -1.425224e+01
    1324    5.633894e+02    1.278216e+01   -2.532056e+01
    1332    5.754603e+02    1.827232e+01   -4.072099e+01
    1340    5.747954e+02    1.314541e+01   -9.703908e+00
    1348    4.834937e+02    1.732238e+01   -4.287294e+01
    1356    4.178939e+02    2.209614e+01   -3.822659e+01
    1364    5.933228e+02    1.239039e+01   -5.258966e+01
    1372    5.849967e+02    1.773939e+01   -4.734014e+01
    1380    4.663547e+02    1.003379e+01   -1.875712e+01
    1388    6.320870e+02    1.622331e+01   -5.747247e+01
    1396    7.035855e+02    1.534350e+01   -5.633081e+01
    1404    7.211792e+02    9.657689e+00   -4.543396e+01
    1412    6.660421e+02    1.305231e+01   -5.476997e+01
    1420    4.993347e+02    8.909272e+00   -3.571870e+01
    1428    7.504827e+02    1.021793e+01   -5.362837e+01
    1436    7.328002e+02    1.002389e+01   -5.169942e+01
    1444    5.649136e+02    8.031362e+00   -2.464005e+01
    1452    6.868817e+02    9.746478e+00   -3.835052e+01
    1460    6.277630e+02    9.059201e+00   -2.910568e+01
    1468    7.819793e+02    8.394071e+00   -1.897479e+01
    1476    7.264903e+02    7.784742e+00   -2.520753e+01
    1484    5.386945e+02    6.976784e+00   -1.709641e+01
    1492    8.106790e+02    6.018960e+00   -6.230627e+00
    1500    6.607475e+02    5.587720e+00   -5.492418e+00
    1512    6.819492e+02    9.287954e+00   -1.370586e+00
    1524    5.911879e+02    6.120778e+00   -1.720589e+00
    1536    6.532291e+02    1.025612e+01    1.357756e+01
    1548    4.569138e+02    7.102654e+00    2.316593e+00
    1560    5.661450e+02    1.064500e+01    1.655843e+01
    1572    3.881817e+02    7.769653e+00   -5.379317e+00
    1584    4.080412e+02    1.102512e+01    2.373889e+01
    1596    3.732829e+02    7.818609e+00   -1.190370e+01
    1608    3.315759e+02    1.258856e+01    1.044907e+01
    1620    3.270118e+02    8.748785e+00   -1.219957e+01
    1632    3.327996e+02    1.300134e+01   -2.137064e-01
    1644    3.273792e+02    9.034185e+00   -1.499806e+01
    1656    3.093508e+02    1.431927e+01   -1.267682e+01
    1668    2.532720e+02    1.021702e+01   -1.122696e+01
    1680    3.112429e+02    1.339681e+01   -1.674642e+01
    1692    2.600254e+02    9.749722e+00   -2.224745e+01
    1704    3.342733e+02    1.224481e+01   -2.696638e+01
    1716    2.912365e+02    8.903363e+00   -2.452757e+01
    1728    2.882984e+02    1.194202e+01   -2.393718e+01
    1740    3.239571e+02    8.126871e+00   -1.954535e+01
    1752    3.362319e+02    1.016256e+01   -3.652146e+01
    1764    3.580406e+02    5.612134e+00   -1.511447e+01
    1776    5.011679e+02    6.941123e+00   -3.078060e+01
    1788    3.189585e+02    5.732100e+00   -1.532719e+01
    1800    4.905377e+02    7.017134e+00   -1.925024e+01
    1812    3.289219e+02    3.436796e+00   -7.788163e+00
    1824    3.340071e+02    5.525335e+00   -7.245648e+00
    1836    2.292623e+02    6.628774e+00   -2.417275e+00
    1848    2.827979e+02    4.302246e+00   -6.394992e+00
    1860    2.277078e+02    4.519052e+00   -8.533101e+00
    1872    2.298551e+02    6.991762e+00   -6.131287e+00
    1884    2.818117e+02    5.083175e+00    9.687881e-01
    1896    2.115370e+02    5.982918e+00    1.405856e+00
    1908    2.236106e+02    1.159491e+01   -1.241710e+00
    1920    1.705208e+02    1.045117e+01   -1.135034e+01
    1932    1.348830e+02    1.356554e+01   -5.458151e+00
    1944    2.581290e+02    6.639536e+00   -2.317378e+01
    1956    2.248237e+02    1.264899e+01   -2.576059e+01
    1968    1.829893e+02    6.897771e+00   -9.553564e+00
    1980    1.915774e+02    1.024011e+01   -1.709739e+01
    1992    1.872401e+02    1.240992e+01   -2.147057e+01
    2004    2.920235e+02    8.119017e+00   -3.101172e+01
    2016    2.780000e+02    1.341510e+01   -3.857276e+01
    2028    1.590475e+02    4.122460e+00   -9.878776e+00
    2040    2.084847e+02    9.476351e+00   -2.616921e+01
    2052    1.863832e+02    6.964556e+00   -2.024209e+01
    2064    2.889734e+02    5.598571e+00   -2.325616e+01
    2076    3.224138e+02    6.749329e+00   -3.481943e+01
    2088    1.949933e+02    2.406599e+00   -6.772841e+00
    2100    2.422174e+02    4.275512e+00   -2.365120e+01
    2112    1.566919e+02    3.776123e+00   -8.416066e+00
    2124    2.187354e+02    3.578737e+00   -8.818229e+00
    2136    2.123632e+02    4.092566e+00   -3.100197e+00
    2148    1.514746e+02    3.080955e+00   -5.504602e+00
    2160    2.144514e+02    2.298518e+00    1.479132e+00
    2172    1.909552e+02    2.385480e+00   -1.077444e+00
    2184    1.326265e+02    4.647207e+00    1.222024e-01
    2196    1.913026e+02    4.935176e+00   -3.875696e+00
    2208    1.401759e+02    3.946108e+00   -1.120530e+01
    2220    1.315933e+02    7.020421e+00    1.452827e+00
    2232    1.417064e+02    8.966974e+00   -6.944589e+00
    2244    9.611733e+01    5.550418e+00   -1.024390e+01
    2256    1.200874e+02    7.947835e+00   -3.844033e+00
    2268    9.037435e+01    5.912069e+00   -3.162324e+00
    2280    1.107535e+02    7.311543e+00   -1.366922e+01
    2292    1.067034e+02    8.085840e+00   -1.021766e+01
    2304    8.218509e+01    2.866226e+00   -3.914437e+00
    2316    1.405038e+02    7.553513e+00   -1.721019e+01
    2328    1.412507e+02    6.968592e+00   -1.720503e+01
    2340    9.932519e+01    2.097728e+00   -5.461066e+00
    2352    1.493488e+02    5.989340e+00   -1.804595e+01
    2364    1.371021e+02    4.624002e+00   -1.425703e+01
    2376    1.124513e+02    1.973089e+00   -4.208391e+00
    2388    1.474369e+02    3.664256e+00   -1.406393e+01
    2400    1.238033e+02    2.771695e+00   -1.025643e+01
    2412    1.034995e+02    2.276282e+00   -4.431263e+00
    2424    1.225712e+02    2.096283e+00   -6.869180e+00
    2436    1.190490e+02    2.020439e+00   -6.168590e+00
    2448    1.045051e+02    2.353032e+00   -2.272044e+00
    2460    1.081047e+02    1.497054e+00   -5.683642e-01
    2472    1.223523e+02    1.676988e+00   -3.422417e+00
    2484    7.186427e+01    3.200040e+00   -1.242588e-01
    2496    6.685040e+01    2.934124e+00    6.426718e-01
