# l  D_l^TT[muK^2]  D_l^EE[muK^2]  D_l^TE[muK^2]  (cancellation-free sync gauge solver)
2.000000000000000000e+00 1.985487636829809617e+02 1.724581756613105879e-02 -1.324245206332996527e-01
3.000000000000000000e+00 2.372444089459210090e+02 4.017325166648313267e-02 9.505119221331735924e-01
4.000000000000000000e+00 2.848793761022449758e+02 4.267076916731109976e-02 1.608240609103651853e+00
5.000000000000000000e+00 2.958762773689508094e+02 3.072902052301126549e-02 1.584817518225453359e+00
6.000000000000000000e+00 2.896090617045095428e+02 1.771520497578852466e-02 1.309740382878172849e+00
7.000000000000000000e+00 2.826764785074483939e+02 9.361838810659207227e-03 1.012321221788520464e+00
8.000000000000000000e+00 2.781760763410364348e+02 5.550868363628225222e-03 7.639842648434408412e-01
9.000000000000000000e+00 2.760934056740327946e+02 4.168603123291334499e-03 5.839523201017746690e-01
1.000000000000000000e+01 2.760683105074343189e+02 3.518543065726377744e-03 4.703548142588783176e-01
1.100000000000000000e+01 2.787713011554382661e+02 2.966129093255636794e-03 4.110713177083812897e-01
1.200000000000000000e+01 2.817792639576554166e+02 2.528706614271002042e-03 3.885443466332110241e-01
1.300000000000000000e+01 2.879463310568667680e+02 2.327000137057768422e-03 3.871538705100658895e-01
1.400000000000000000e+01 2.929124258865575143e+02 2.341541448752967880e-03 3.990107246608809999e-01
1.500000000000000000e+01 3.030377321058453504e+02 2.460038492736258808e-03 4.176783482023814775e-01
1.600000000000000000e+01 3.074538519421414549e+02 2.618986070046955446e-03 4.361612390757567681e-01
1.700000000000000000e+01 3.230327948979218036e+02 2.834826285587749121e-03 4.485890725294601755e-01
1.800000000000000000e+01 3.256787051264700494e+02 3.166297780091618247e-03 4.596641768807390172e-01
1.900000000000000000e+01 3.471030485237437802e+02 3.677353567880732414e-03 4.705999139080061511e-01
2.000000000000000000e+01 3.482402521114366891e+02 4.362221721129457691e-03 4.860543350988772993e-01
2.100000000000000000e+01 3.731308079451755475e+02 5.169555049741312788e-03 5.004337518900565662e-01
2.200000000000000000e+01 3.744075464882602091e+02 6.096628592446239406e-03 5.197478913161549530e-01
2.300000000000000000e+01 4.003706234709669616e+02 7.150499833518061260e-03 5.333876921907787505e-01
2.400000000000000000e+01 4.025499821608176489e+02 8.313091422646965920e-03 5.391324753170144701e-01
2.500000000000000000e+01 4.289532085550847000e+02 9.616390407254590128e-03 5.334489995841222854e-01
2.600000000000000000e+01 4.366830515020359940e+02 1.109861297394216725e-02 5.198895639883559516e-01
2.700000000000000000e+01 4.566842600603902724e+02 1.269398515678188226e-02 5.146101745702800212e-01
2.800000000000000000e+01 4.782685301752662212e+02 1.434814908340812170e-02 4.997446705465897199e-01
2.900000000000000000e+01 4.887874534420934651e+02 1.614799258435394708e-02 4.769803960985141145e-01
3.000000000000000000e+01 5.154696041361736434e+02 1.820348337642910611e-02 4.361873205764166261e-01
3.200000000000000000e+01 5.600406220095131857e+02 2.285652437618351795e-02 3.469467327000139711e-01
3.400000000000000000e+01 6.003072432997815895e+02 2.821065879318218270e-02 2.034535567626082619e-01
3.600000000000000000e+01 6.360837035165590123e+02 3.457355067500778034e-02 4.528926957894259531e-02
3.800000000000000000e+01 6.676645287127153097e+02 4.169540848681137224e-02 -1.202642775893364574e-01
4.000000000000000000e+01 6.995914596217012331e+02 4.979691054398172750e-02 -3.549847656866526591e-01
4.200000000000000000e+01 7.333026155676853932e+02 5.884798673350238873e-02 -6.134156684686661309e-01
4.400000000000000000e+01 7.790825626986173802e+02 6.897358576341425240e-02 -9.416788946475277422e-01
4.600000000000000000e+01 8.453807014327849174e+02 8.016762604212485099e-02 -1.305434233356155493e+00
4.800000000000000000e+01 9.165491662578250498e+02 9.252557464572228052e-02 -1.673640063802294131e+00
5.000000000000000000e+01 9.799219159588636785e+02 1.060861402195554665e-01 -2.101107011432709726e+00
5.200000000000000000e+01 1.016992384249628913e+03 1.206507159890901903e-01 -2.570269937282130268e+00
5.400000000000000000e+01 1.035363937740462461e+03 1.364926878429938983e-01 -3.081752588847455954e+00
5.600000000000000000e+01 1.050457607917686119e+03 1.536984665966284747e-01 -3.669640766298237544e+00
5.800000000000000000e+01 1.112006564274664470e+03 1.721434224851109418e-01 -4.316620709687453150e+00
6.000000000000000000e+01 1.206204101967243787e+03 1.916694793992852475e-01 -4.967270167180164897e+00
6.200000000000000000e+01 1.297351871849218924e+03 2.125349136413787476e-01 -5.660026432630656856e+00
6.400000000000000000e+01 1.344497157882553438e+03 2.346447664339619821e-01 -6.435864200251706357e+00
6.600000000000000000e+01 1.329579493348365077e+03 2.579778623940068294e-01 -7.209686246509309449e+00
6.800000000000000000e+01 1.348268940730239137e+03 2.824240215690423383e-01 -8.049464038034843227e+00
7.000000000000000000e+01 1.455324518360849424e+03 3.080647146372474943e-01 -8.939404215941808118e+00
7.200000000000000000e+01 1.598380563492549300e+03 3.348161087447369400e-01 -9.938937841935674200e+00
7.400000000000000000e+01 1.658270847964518907e+03 3.625295703616442933e-01 -1.091627098767055593e+01
7.600000000000000000e+01 1.637408223220655145e+03 3.912619345220081923e-01 -1.184971337040353134e+01
7.800000000000000000e+01 1.632298587497015433e+03 4.211115133247719799e-01 -1.292909067084789498e+01
8.000000000000000000e+01 1.788856477676217537e+03 4.517879502595787411e-01 -1.413347147110103563e+01
8.200000000000000000e+01 1.955083855155716037e+03 4.829950550533111397e-01 -1.524129258146256483e+01
8.400000000000000000e+01 1.921532465838750568e+03 5.151418445073696617e-01 -1.626681643522610088e+01
8.600000000000000000e+01 1.846091211333974798e+03 5.479063733262646840e-01 -1.756089556335770041e+01
8.800000000000000000e+01 1.988958283220713838e+03 5.812546130217408624e-01 -1.887706012883131379e+01
9.000000000000000000e+01 2.213540225024833944e+03 6.148110241323144765e-01 -2.008234008303277918e+01
9.200000000000000000e+01 2.217055661282453912e+03 6.489342633191536036e-01 -2.131209731596738166e+01
9.400000000000000000e+01 2.113192812339831562e+03 6.832934330112644394e-01 -2.268361557872513501e+01
9.600000000000000000e+01 2.250085601592762032e+03 7.174208277867520911e-01 -2.410895222192970522e+01
9.800000000000000000e+01 2.529563390516890195e+03 7.517589162409415993e-01 -2.527249551182607590e+01
1.000000000000000000e+02 2.436179595794235865e+03 7.855580375473175669e-01 -2.651377019557904546e+01
1.040000000000000000e+02 2.687154557358608599e+03 8.531198741357484128e-01 -2.956701539559650627e+01
1.080000000000000000e+02 2.528681685009815283e+03 9.184512507207894805e-01 -3.209848339788518246e+01
1.120000000000000000e+02 3.062988210934153813e+03 9.807913635334390978e-01 -3.432950403476401391e+01
1.160000000000000000e+02 2.933795352359006301e+03 1.038863104463400022e+00 -3.761805759415458539e+01
1.200000000000000000e+02 3.131757627877425875e+03 1.092748016078749940e+00 -3.990149942487642676e+01
1.240000000000000000e+02 3.452727958627960106e+03 1.140110983948467771e+00 -4.159733919508891375e+01
1.280000000000000000e+02 3.391920005014601429e+03 1.181204155888130325e+00 -4.438963650892155499e+01
1.320000000000000000e+02 3.633357513085714345e+03 1.215801039470945089e+00 -4.638719966182846832e+01
1.360000000000000000e+02 3.857336549064829342e+03 1.239169211133257953e+00 -4.777270368782984633e+01
1.400000000000000000e+02 3.836175069564894329e+03 1.256376901283847047e+00 -4.957704657636367784e+01
1.440000000000000000e+02 4.010813751643825526e+03 1.265526168510859639e+00 -5.031516084230079144e+01
1.480000000000000000e+02 4.382053663517837776e+03 1.270170007428442327e+00 -5.062626699200165348e+01
1.520000000000000000e+02 4.491908515737050948e+03 1.256235603191315331e+00 -5.197284561225522026e+01
1.560000000000000000e+02 4.316358674291649550e+03 1.229995915102620518e+00 -5.275874301310999925e+01
1.600000000000000000e+02 4.432249142819072404e+03 1.210262921043692375e+00 -5.234476442351257219e+01
1.640000000000000000e+02 4.763529689058552322e+03 1.184527489795881072e+00 -4.988416380550417273e+01
1.680000000000000000e+02 5.128859888558629791e+03 1.150987484454135013e+00 -4.796371431860296752e+01
1.720000000000000000e+02 5.201604887766130560e+03 1.092000885379612818e+00 -4.707258576537304862e+01
1.760000000000000000e+02 5.146664910242199767e+03 1.027800934657167042e+00 -4.698801433286201501e+01
1.800000000000000000e+02 5.067721168574543299e+03 9.644571233119983988e-01 -4.567178387476308643e+01
1.840000000000000000e+02 5.078766108615860503e+03 9.120501081173991720e-01 -4.355373772864368931e+01
1.880000000000000000e+02 5.182262455120152481e+03 8.661051765672787006e-01 -3.890001795427968290e+01
1.920000000000000000e+02 5.351337106294745354e+03 8.432363582256584555e-01 -3.379629434585682191e+01
1.960000000000000000e+02 5.479829778506787079e+03 8.213885959042227514e-01 -2.715243475908583548e+01
2.000000000000000000e+02 5.740186266477885511e+03 7.975471151672324233e-01 -2.235064355376871603e+01
2.040000000000000000e+02 5.740999386102066637e+03 7.595186711725027129e-01 -1.596573783703028759e+01
2.080000000000000000e+02 5.886885582571596387e+03 7.524383202713142982e-01 -1.067261334746666179e+01
2.120000000000000000e+02 5.886115272741073568e+03 7.468859372924179230e-01 -4.417107752381785879e+00
2.160000000000000000e+02 5.917015343202154327e+03 7.412577334661265560e-01 1.931092335931658743e+00
2.200000000000000000e+02 5.923531557511212668e+03 7.758059416112834672e-01 8.073484154620279796e+00
2.240000000000000000e+02 5.839467656485920998e+03 8.188642747297956159e-01 1.572906119635786659e+01
2.280000000000000000e+02 5.874856131480706608e+03 9.160309953296819074e-01 2.167243542557931590e+01
2.320000000000000000e+02 5.816207138687116640e+03 1.011142263798523011e+00 2.891210573646344173e+01
2.360000000000000000e+02 5.732652465929879327e+03 1.166389850597025823e+00 3.572478934873318934e+01
2.400000000000000000e+02 5.744009079855992240e+03 1.327688341953666251e+00 4.190561890088912378e+01
2.440000000000000000e+02 5.461718852661284473e+03 1.488047751975768884e+00 4.766697559230716763e+01
2.480000000000000000e+02 5.287820972676183374e+03 1.639230687398589348e+00 5.150304931547542253e+01
2.520000000000000000e+02 5.150080838036727982e+03 1.736417860153762094e+00 5.366806268860688789e+01
2.560000000000000000e+02 5.086601238627510611e+03 1.809081725208449454e+00 5.593666372005887411e+01
2.600000000000000000e+02 4.996404143502520128e+03 1.860321057582156490e+00 6.072334159053303182e+01
2.640000000000000000e+02 4.956849397043665704e+03 2.051808572195255032e+00 6.873329376875696539e+01
2.680000000000000000e+02 4.952281292524883611e+03 2.439222024908961117e+00 8.035667208085467905e+01
2.720000000000000000e+02 4.993089010773951486e+03 3.090000212235167076e+00 9.198618725363580495e+01
2.760000000000000000e+02 4.933603523182994650e+03 3.851913130217881953e+00 9.975592740169201988e+01
2.800000000000000000e+02 4.498324498382255115e+03 4.444996681191386578e+00 1.009638023569494720e+02
2.840000000000000000e+02 4.181019477445032862e+03 4.587369708265762291e+00 9.822452536273942769e+01
2.880000000000000000e+02 4.197945316473793355e+03 4.415212403186584034e+00 9.475534014587337595e+01
2.920000000000000000e+02 4.186582673148924187e+03 4.538227736452587813e+00 1.007692528088430635e+02
2.960000000000000000e+02 4.102266553024865061e+03 5.402786779729742861e+00 1.139951902978809670e+02
3.000000000000000000e+02 3.786222022128605204e+03 6.692391166868007168e+00 1.227364676505720951e+02
3.040000000000000000e+02 3.678313177803008784e+03 7.351397471161998709e+00 1.165176644987466830e+02
3.080000000000000000e+02 3.498468506624511065e+03 7.032029293456686148e+00 1.058457352558482683e+02
3.120000000000000000e+02 3.441656857356640558e+03 6.793457933918208624e+00 1.091844765640774142e+02
3.160000000000000000e+02 3.257455264738970982e+03 7.904184081266278028e+00 1.216265861527747063e+02
3.200000000000000000e+02 3.145254672014768403e+03 9.472828801115086961e+00 1.243643540609384388e+02
3.240000000000000000e+02 2.935863306973101771e+03 9.587807922894059587e+00 1.084862639503789552e+02
3.280000000000000000e+02 2.829369576500012954e+03 8.755541263791780437e+00 1.051850111691348815e+02
3.320000000000000000e+02 2.801497537052408006e+03 9.442019467216995920e+00 1.146475418754613997e+02
3.360000000000000000e+02 2.454513506112225969e+03 1.135800711633260640e+01 1.132350663097890759e+02
3.400000000000000000e+02 2.300691157456633391e+03 1.138266839785370976e+01 9.947467517297508266e+01
3.440000000000000000e+02 2.388385611362823511e+03 1.025927667350545391e+01 9.720534181952358210e+01
3.480000000000000000e+02 2.208037062766657982e+03 1.137554523962421449e+01 1.061412084578529260e+02
3.520000000000000000e+02 2.108257608359590449e+03 1.291631415323281296e+01 9.417255408717325338e+01
3.560000000000000000e+02 1.971774469608959862e+03 1.186260217220582192e+01 7.865305970427681359e+01
3.600000000000000000e+02 1.945880637040149395e+03 1.151138311443706286e+01 8.611982793622314603e+01
3.640000000000000000e+02 1.662749210314765605e+03 1.347170845428071217e+01 8.048488707746487592e+01
3.680000000000000000e+02 1.608053028393044997e+03 1.317104157672511633e+01 6.398245152348324183e+01
3.720000000000000000e+02 1.509814660468656484e+03 1.189637370037172026e+01 7.093340677612484058e+01
3.760000000000000000e+02 1.530294725040343337e+03 1.348762805892387640e+01 6.797350295261085762e+01
3.800000000000000000e+02 1.457375880544616166e+03 1.345784772490421766e+01 4.853576997711962804e+01
3.840000000000000000e+02 1.424405471932294631e+03 1.187448281084450130e+01 5.536401338540373018e+01
3.880000000000000000e+02 1.409148441580371809e+03 1.322099697640113369e+01 4.809827575793428878e+01
3.920000000000000000e+02 1.373369316195938609e+03 1.298457286000460265e+01 2.842321718934855568e+01
3.960000000000000000e+02 1.233196317804250839e+03 1.159757451521142357e+01 3.575763185168021607e+01
4.000000000000000000e+02 1.282495058255096865e+03 1.285373094928026738e+01 2.479872414788812307e+01
4.040000000000000000e+02 1.306664445122466304e+03 1.200617691735825154e+01 1.004492154193474462e+01
4.080000000000000000e+02 1.107266737739254722e+03 1.130665099685181296e+01 1.882895616825022600e+01
4.120000000000000000e+02 1.189016177164963665e+03 1.214605782059479289e+01 2.332414191636898781e+00
4.160000000000000000e+02 1.138287143673641367e+03 1.067663932739063526e+01 1.394589481297953792e+00
4.200000000000000000e+02 9.827728743356281029e+02 1.093748206467804707e+01 1.175058447467146827e+00
4.240000000000000000e+02 1.050196346702122810e+03 1.072222927755409749e+01 -1.034150171135272522e+01
4.280000000000000000e+02 1.084945636248554592e+03 9.521656197956922085e+00 -3.838050395565516748e+00
4.320000000000000000e+02 1.071698304075417127e+03 1.002490973114271888e+01 -1.923364247283111439e+01
4.360000000000000000e+02 1.001740394045625294e+03 8.916403105188104306e+00 -1.451352392379621570e+01
4.400000000000000000e+02 9.892874977121722395e+02 8.757026696909232300e+00 -1.579797920307085946e+01
4.440000000000000000e+02 1.131845725922593829e+03 8.214533002324053257e+00 -2.524853107354324777e+01
4.480000000000000000e+02 1.094172300230986366e+03 7.617482067383473776e+00 -2.076286279529365331e+01
4.520000000000000000e+02 1.191672344768285711e+03 7.541721385083856255e+00 -3.196367123267107502e+01
4.560000000000000000e+02 1.058629336975240221e+03 6.639956657005608776e+00 -2.217029657586722635e+01
4.600000000000000000e+02 1.276693408142273483e+03 6.433298876218188411e+00 -3.034521626111714809e+01
4.640000000000000000e+02 1.352212519042613167e+03 5.789625077622265081e+00 -3.009741026089280069e+01
4.680000000000000000e+02 1.198946488370344241e+03 5.624507467488978563e+00 -3.081151056223623641e+01
4.720000000000000000e+02 1.423998898537833156e+03 5.019787100122845125e+00 -2.690459051130048707e+01
4.760000000000000000e+02 1.344495678995815979e+03 4.630543371776904671e+00 -2.558576426512030366e+01
4.800000000000000000e+02 1.690150771911408583e+03 4.056642448777527221e+00 -2.481042652544480376e+01
4.840000000000000000e+02 1.439986540210563817e+03 3.999442425603743523e+00 -2.301098239443626881e+01
4.880000000000000000e+02 1.655530521911666710e+03 3.694506890642491825e+00 -1.743331624128972734e+01
4.920000000000000000e+02 1.441074660746357949e+03 3.761260672445155162e+00 -9.820713594929243229e+00
4.960000000000000000e+02 1.627777314394507584e+03 3.414949446918977838e+00 -5.508986401135629762e+00
5.000000000000000000e+02 1.502897996221186986e+03 3.884533405324906763e+00 1.944715650813840790e+00
5.080000000000000000e+02 1.391114973494202104e+03 4.847288354813249711e+00 2.458913138984457181e+00
5.160000000000000000e+02 1.532877317525263834e+03 5.439640472848408237e+00 4.607592797765336812e+00
5.240000000000000000e+02 1.753599045548286767e+03 5.525037863898880630e+00 1.414543365116546347e+01
5.320000000000000000e+02 1.757168867659161833e+03 6.435385021239383718e+00 2.549623474084417296e+01
5.400000000000000000e+02 1.540978034020077985e+03 8.446064296186419185e+00 3.695664364224845144e+01
5.480000000000000000e+02 1.489080087399730019e+03 1.022055687445188532e+01 3.209427543621323764e+01
5.560000000000000000e+02 1.740182413431051828e+03 1.067160068885428181e+01 3.205303872025062617e+01
5.640000000000000000e+02 1.539265938664905661e+03 1.218881371743949771e+01 4.271836582953142880e+01
5.720000000000000000e+02 1.410314545528840199e+03 1.413790262689608390e+01 2.342100872949186297e+01
5.800000000000000000e+02 1.517279644433791191e+03 1.367719549580450611e+01 2.007934518958694170e+01
5.880000000000000000e+02 1.420556384975335959e+03 1.402319774951477349e+01 3.085310831121618946e+01
5.960000000000000000e+02 1.447272280378411551e+03 1.443091551127245253e+01 2.504271086304527927e+01
6.040000000000000000e+02 1.743708660416051998e+03 1.465502440026694408e+01 4.084246500480503528e+01
6.120000000000000000e+02 1.414496116507792749e+03 1.832520887252331931e+01 5.414948610930368744e+01
6.200000000000000000e+02 1.636102185523357093e+03 2.145361693281406801e+01 4.431301446993850135e+01
6.280000000000000000e+02 1.205934189278668555e+03 2.558283446359038749e+01 4.493642853422887384e+01
6.360000000000000000e+02 1.349216988905642438e+03 2.552626053995549427e+01 -4.640444314595892211e-02
6.440000000000000000e+02 1.258627627081957144e+03 2.303275320518598335e+01 -3.533454276179817111e+00
6.520000000000000000e+02 1.370496417525356264e+03 1.901541543618163743e+01 -1.306050658901479267e+01
6.600000000000000000e+02 1.334765424440271318e+03 1.926415014959002647e+01 1.337275564533864625e+01
6.680000000000000000e+02 1.305472280195804842e+03 2.229762485866168120e+01 -3.718495163322167674e+00
6.760000000000000000e+02 1.092364102613700197e+03 2.496768354109603294e+01 -1.385067492381417686e+01
6.840000000000000000e+02 1.466021525441292852e+03 2.101660637397801423e+01 -5.255412017783230283e+01
6.920000000000000000e+02 1.242845242231990596e+03 1.751487200985003767e+01 -3.099094288677381570e+01
7.000000000000000000e+02 1.422850700024465368e+03 1.543181901881592921e+01 -1.063159885656266290e+01
7.080000000000000000e+02 1.138841106807736423e+03 1.888816476040438630e+01 -4.117690658709815921e+01
7.160000000000000000e+02 1.417317445153709741e+03 1.745937616376412294e+01 -4.965381658296612244e+01
7.240000000000000000e+02 1.539154089592873106e+03 1.224854306592856190e+01 -5.120541803162759464e+01
7.320000000000000000e+02 1.135971226010109604e+03 1.296016789951616843e+01 -2.636888977766977860e+01
7.400000000000000000e+02 1.494728119506956091e+03 1.216351249881022234e+01 -3.867365890350918534e+01
7.480000000000000000e+02 1.761617824398651464e+03 1.003404850714847285e+01 -6.648101535152605379e+01
7.560000000000000000e+02 1.579456057800555300e+03 9.475578479217690031e+00 -1.325752905904464640e+01
7.640000000000000000e+02 1.473857403492073445e+03 9.219022177206502633e+00 -8.879974610030842541e+00
7.720000000000000000e+02 1.741176912137650106e+03 7.983447551204911008e+00 -4.194396574151855361e+01
7.800000000000000000e+02 1.896106102417657439e+03 8.473967678832018180e+00 -8.214716221761863224e+00
7.880000000000000000e+02 1.661278052051279474e+03 8.066972091446736215e+00 1.515377444658305528e+01
7.960000000000000000e+02 1.974365303686426387e+03 6.178368486555513961e+00 -1.018937728022111955e+01
8.040000000000000000e+02 2.029865077134936428e+03 9.206128923551453624e+00 2.205104153707636172e+01
8.120000000000000000e+02 1.538300508043351329e+03 1.132885439861196275e+01 3.329412778328926947e+01
8.200000000000000000e+02 1.935330224452199673e+03 7.494928903481944182e+00 2.673999505693420886e+01
8.280000000000000000e+02 2.201103037699727338e+03 1.011635962259081012e+01 7.245291877158743432e+01
8.360000000000000000e+02 1.471670629414421001e+03 1.341911039067640132e+01 3.816062169488717615e+01
8.440000000000000000e+02 1.820166233143698719e+03 1.142054314908102697e+01 4.299055752933893615e+01
8.520000000000000000e+02 2.059376666825455231e+03 1.688339723680476467e+01 1.234421414816832794e+02
8.600000000000000000e+02 1.475128791328790612e+03 1.540032926808584612e+01 6.285339210935956089e+01
8.680000000000000000e+02 2.026236585502195567e+03 1.313383446746756356e+01 7.155775772650918043e+01
8.760000000000000000e+02 1.633069460772681850e+03 2.097795686886090749e+01 1.104646135955087232e+02
8.840000000000000000e+02 1.294568535862242470e+03 1.789537397886579839e+01 4.768575284793598001e+01
8.920000000000000000e+02 1.861011389318302690e+03 2.290106080155256407e+01 1.256346519473875958e+02
9.000000000000000000e+02 1.294592919296462014e+03 2.433207196171045084e+01 9.382996193911742466e+01
9.080000000000000000e+02 1.514524363754753949e+03 1.864122828366636853e+01 7.805928456407279725e+01
9.160000000000000000e+02 1.429898872697684510e+03 2.569395905078799203e+01 1.195169058410279774e+02
9.240000000000000000e+02 1.073580791700325108e+03 1.842750231685318951e+01 3.686624044653136423e+01
9.320000000000000000e+02 1.491225378501772639e+03 2.470130773444877192e+01 8.925443378992025600e+01
9.400000000000000000e+02 8.635853375240415062e+02 2.449961662931734807e+01 4.246313479177299399e+01
9.480000000000000000e+02 1.194098596230600151e+03 2.227733159294894350e+01 5.693750204427010431e+01
9.560000000000000000e+02 8.400659497509703897e+02 2.892058327648072336e+01 6.285694088954180359e+01
9.640000000000000000e+02 1.007669405511597233e+03 1.986479755334377018e+01 3.533245596478494832e+01
9.720000000000000000e+02 8.788390430424190072e+02 2.842220813948006963e+01 6.756448082693975721e+01
9.800000000000000000e+02 8.644900947831766871e+02 1.889213700391192674e+01 2.115961871162139118e+01
9.880000000000000000e+02 7.578676345783155739e+02 2.465970851184593471e+01 4.953334494783349840e+01
9.960000000000000000e+02 8.222901231941172000e+02 1.756802784276031915e+01 5.319528542319972075e+00
1.004000000000000000e+03 6.904623949185897800e+02 1.877627637058497712e+01 2.613099840909849547e+01
1.012000000000000000e+03 8.558311953571512731e+02 1.494128756518974832e+01 3.589764227557085796e+00
1.020000000000000000e+03 7.414763752797422285e+02 1.438487088048248630e+01 1.483412362263753437e+01
1.028000000000000000e+03 7.791561843283716371e+02 1.489847040839035053e+01 1.340884689326084178e+00
1.036000000000000000e+03 7.647073417566266471e+02 1.284193618506983547e+01 -3.007629530953529695e+00
1.044000000000000000e+03 8.783040483078627858e+02 1.324545111455671176e+01 -1.509886249757632903e+01
1.052000000000000000e+03 8.536445595588089645e+02 9.141478451395503413e+00 -3.803953344906313205e+00
1.060000000000000000e+03 7.915668173875435514e+02 1.099221849631053161e+01 -1.007326630345490059e+01
1.068000000000000000e+03 9.239856083769460611e+02 9.629198297490930258e+00 4.250374568898718231e+00
1.076000000000000000e+03 9.088293383673709513e+02 9.960439528287327704e+00 -2.862240039242285405e+01
1.084000000000000000e+03 8.979593372856802489e+02 8.921293191812354806e+00 1.244007629859815900e+01
1.092000000000000000e+03 9.436165792263741423e+02 7.566324418768185289e+00 -6.307451715509050594e+00
1.100000000000000000e+03 7.631724343222657581e+02 1.017512949039894465e+01 6.174513819966009009e+00
1.108000000000000000e+03 1.059024707804157970e+03 9.173581891951451794e+00 -1.008123148194158547e-01
1.116000000000000000e+03 7.956649563810678956e+02 8.043030115595009022e+00 9.136184085097633911e+00
1.124000000000000000e+03 8.759693199090552298e+02 1.024460827781244454e+01 6.588053008180173364e+00
1.132000000000000000e+03 8.397602883071554061e+02 1.069128634289311108e+01 1.669679983154783542e+01
1.140000000000000000e+03 9.677079839584863521e+02 6.685241366562593157e+00 4.606286366337638327e+00
1.148000000000000000e+03 6.956154975656830857e+02 1.243833184373334966e+01 1.307083336119469763e+01
1.156000000000000000e+03 1.161789600639725222e+03 9.210117121044588018e+00 2.574749658200706293e+01
1.164000000000000000e+03 8.016864931344207434e+02 8.473009164997145959e+00 1.433678034490871411e+01
1.172000000000000000e+03 1.059875354523339183e+03 1.330364778810866966e+01 4.121886448664588443e+01
1.180000000000000000e+03 8.946075088138640012e+02 1.302344627801375765e+01 3.708021953190386455e+01
1.188000000000000000e+03 1.055918222244228446e+03 1.315130270240581112e+01 6.472323513159636832e+01
1.196000000000000000e+03 8.684710099083089290e+02 1.497496346557004365e+01 2.022613553039748169e+01
1.204000000000000000e+03 8.771773852457141629e+02 2.002214143119162770e+01 5.396237064851859344e+01
1.212000000000000000e+03 7.511892213067245621e+02 1.266509616484561462e+01 2.994518068356819995e+01
1.220000000000000000e+03 8.312982949193012701e+02 1.392157777350074532e+01 2.556275759855992291e+01
1.228000000000000000e+03 8.131062027308987581e+02 1.408900979583629010e+01 2.192191910883247985e+01
1.236000000000000000e+03 5.973713669536505222e+02 1.556821657545766691e+01 3.104564005392158066e+01
1.244000000000000000e+03 7.923859273567632044e+02 1.688076276004188614e+01 6.583170336399773248e+01
1.252000000000000000e+03 6.542500535670931185e+02 1.622094582928379580e+01 2.072144932694260788e+01
1.260000000000000000e+03 7.524764434550112355e+02 2.423851046653248886e+01 3.428981377250136120e+01
1.268000000000000000e+03 5.129103970183959973e+02 1.703712214074605669e+01 1.555879941895612406e+00
1.276000000000000000e+03 5.564049947164138530e+02 1.781771742835729100e+01 2.737624675504604710e+01
1.284000000000000000e+03 6.295009752474842344e+02 1.161607594540788924e+01 1.739824905142232581e+01
1.292000000000000000e+03 6.411513405852059577e+02 1.431989624451560061e+01 9.880908433387283196e+00
1.300000000000000000e+03 5.844458003667303956e+02 1.981872280343409543e+01 1.546424559550937161e+01
1.308000000000000000e+03 4.917977420867640603e+02 1.614836550320422148e+01 -1.362367155301564603e+00
1.316000000000000000e+03 4.209973937430722231e+02 2.026310780991719440e+01 -3.022694358900235301e+00
1.324000000000000000e+03 6.138950525647957193e+02 1.043478830282492709e+01 2.691606360421342492e-01
1.332000000000000000e+03 6.259658852735448136e+02 1.310405071160714208e+01 -1.559426082711320660e+01
1.340000000000000000e+03 6.267744347659155437e+02 1.286677357655390530e+01 1.515390561748404963e+01
1.348000000000000000e+03 5.247563542060637474e+02 1.266605280923251620e+01 -2.023267284519295117e+01
1.356000000000000000e+03 4.537822459906523704e+02 1.607584152876651373e+01 -1.894405305101763659e+01
1.364000000000000000e+03 6.445369613169586955e+02 8.258718733814363944e+00 -2.243200924583868883e+01
1.372000000000000000e+03 6.412074386613708157e+02 1.134071335512629375e+01 -1.226589964496495000e+01
1.380000000000000000e+03 5.104680039248855223e+02 9.933471569708247628e+00 3.366537347658890234e+00
1.388000000000000000e+03 6.835036926949081817e+02 1.115762719191542374e+01 -1.768558887531196433e+01
1.396000000000000000e+03 7.669041372629905027e+02 9.567698232629805233e+00 -1.878300629926525644e+01
1.404000000000000000e+03 7.842048544911069712e+02 7.990447339515082348e+00 -2.580158828002470095e+00
1.412000000000000000e+03 7.213269990080102616e+02 7.152042298787590902e+00 -1.332854525320622763e+01
1.420000000000000000e+03 5.459352237111858130e+02 7.302636970678539008e+00 -1.408570766940894003e+01
1.428000000000000000e+03 8.190189691490033965e+02 6.295984689095876163e+00 -4.799584350029912905e+00
1.436000000000000000e+03 8.015933855592960526e+02 6.786209736657652591e+00 -9.479748108835204690e+00
1.444000000000000000e+03 6.221218399592594324e+02 9.290701319034857519e+00 9.425012316099069309e+00
1.452000000000000000e+03 7.519803508371561520e+02 8.745046414376194122e+00 9.386175692970171625e+00
1.460000000000000000e+03 6.884010080501903985e+02 1.018644907564050328e+01 5.265782094988472828e+00
1.468000000000000000e+03 8.584439176966473042e+02 1.138017414482100165e+01 3.274253976174575342e+01
1.476000000000000000e+03 7.957835616250126805e+02 9.390994738251546181e+00 1.905621093705009272e+01
1.484000000000000000e+03 5.911915156299996852e+02 8.407103687208890008e+00 8.978839888732228047e+00
1.492000000000000000e+03 8.904853894621455765e+02 9.778722440719354481e+00 4.620393155978740651e+01
1.500000000000000000e+03 7.272181606229038380e+02 8.968522286293255874e+00 3.274015497793812557e+01
1.512000000000000000e+03 7.504245617319239727e+02 1.505496573849032060e+01 4.001646934321200888e+01
1.524000000000000000e+03 6.514737394586740038e+02 9.998908482526944752e+00 2.855013170014107970e+01
1.536000000000000000e+03 7.234791384571403796e+02 1.683853361512734637e+01 5.111456958940673445e+01
1.548000000000000000e+03 5.081493285028450373e+02 1.074148491731202704e+01 2.595844435639609671e+01
1.560000000000000000e+03 6.250407805866690296e+02 1.609581691741583498e+01 4.474968433386885636e+01
1.572000000000000000e+03 4.314879272843707554e+02 1.019646342283458651e+01 1.223929257673104587e+01
1.584000000000000000e+03 4.555869799821008428e+02 1.535211386825774582e+01 4.432693417242816736e+01
1.596000000000000000e+03 4.156784736875726480e+02 8.237458214855324812e+00 2.169823048973729573e+00
1.608000000000000000e+03 3.716821090662620577e+02 1.471322115423942734e+01 2.442998856891106385e+01
1.620000000000000000e+03 3.647102037824932950e+02 8.064318300978257525e+00 1.578295499045322625e+00
1.632000000000000000e+03 3.727106918370283779e+02 1.268758512708310882e+01 1.407507662369993362e+01
1.644000000000000000e+03 3.686001687970069156e+02 7.673163251165271426e+00 1.502620826767662843e+00
1.656000000000000000e+03 3.442887489125762954e+02 1.309745211502844597e+01 3.667887314264085319e+00
1.668000000000000000e+03 2.881261300579896556e+02 9.450071667664495578e+00 4.842590710628949857e+00
1.680000000000000000e+03 3.511753437281246306e+02 1.183942022485828360e+01 1.294221831178470117e+00
1.692000000000000000e+03 2.966406309110951725e+02 7.650337307546448251e+00 -9.029502613566672053e+00
1.704000000000000000e+03 3.774429596311023261e+02 9.383886653639644138e+00 -7.099455432721135217e+00
1.716000000000000000e+03 3.302584555586580564e+02 6.095746619598421567e+00 -7.156277746560466113e+00
1.728000000000000000e+03 3.255519897680849226e+02 9.533706623990836349e+00 -4.266938417116309168e+00
1.740000000000000000e+03 3.692578511839549833e+02 7.463670779422037604e+00 3.665942594254905984e+00
1.752000000000000000e+03 3.787325282535261408e+02 6.650455981893566459e+00 -1.436835963090440238e+01
1.764000000000000000e+03 4.107162426572123195e+02 6.521761485939154390e+00 1.209923394352994386e+01
1.776000000000000000e+03 5.667270408068127381e+02 4.625851299353490376e+00 5.292159099790583632e+00
1.788000000000000000e+03 3.649707515690166701e+02 7.031532567076241413e+00 8.007483883157396676e+00
1.800000000000000000e+03 5.631539483755359470e+02 8.358286311162986593e+00 2.122866413744876368e+01
1.812000000000000000e+03 3.725554159884866863e+02 5.662319515711775608e+00 1.341007143401635382e+01
1.824000000000000000e+03 3.884889892574754526e+02 9.009313489469004566e+00 2.160125045935485133e+01
1.836000000000000000e+03 2.629545004796778471e+02 9.323705672502342168e+00 1.268136657831698066e+01
1.848000000000000000e+03 3.238342075542099110e+02 7.511554162125638534e+00 1.395609125618301682e+01
1.860000000000000000e+03 2.576766728603105889e+02 6.452390248873375533e+00 3.463942263863919013e+00
1.872000000000000000e+03 2.617995560459397097e+02 9.490986534409763919e+00 6.836823368418990299e+00
1.884000000000000000e+03 3.199483237923367369e+02 7.896197239020178671e+00 1.801036106440012219e+01
1.896000000000000000e+03 2.447645304265394373e+02 9.287112997862330133e+00 1.303242012651346471e+01
1.908000000000000000e+03 2.567353237955435930e+02 1.488779268509393994e+01 1.345828768885821702e+01
1.920000000000000000e+03 1.961308280713148520e+02 1.159672697882517767e+01 -1.453209643109940163e+00
1.932000000000000000e+03 1.534873702941892475e+02 1.728821768191988184e+01 1.745070199711740155e+00
1.944000000000000000e+03 2.910654835759858088e+02 6.297322683919706066e+00 -1.199622509117531877e+01
1.956000000000000000e+03 2.565239972990322030e+02 1.340484926935503829e+01 -1.384953028908773298e+01
1.968000000000000000e+03 2.063906658077621330e+02 6.553135770208210253e+00 -2.871567258555068225e+00
1.980000000000000000e+03 2.182103883886705376e+02 1.023690655751200751e+01 -7.500882924457258127e+00
1.992000000000000000e+03 2.140247475321660886e+02 1.084158346536515083e+01 -1.052632763684679595e+01
2.004000000000000000e+03 3.353221159621818401e+02 5.915732766591981218e+00 -1.200750498755309970e+01
2.016000000000000000e+03 3.173307975614630436e+02 1.031546249247795188e+01 -2.093067569239676828e+01
2.028000000000000000e+03 1.831058306663058772e+02 3.934153649281732612e+00 -1.500726721988434820e+00
2.040000000000000000e+03 2.387264356330140345e+02 7.913557845814413128e+00 -1.409145265323759588e+01
2.052000000000000000e+03 2.156550224945400487e+02 5.722219890437706624e+00 -6.054358283950371344e+00
2.064000000000000000e+03 3.399380496404055521e+02 4.951432369002328748e+00 8.014989990664487252e-01
2.076000000000000000e+03 3.714650225158750345e+02 4.258140434234923610e+00 -8.834695470018852248e+00
2.088000000000000000e+03 2.297324977976301454e+02 2.916841354993261248e+00 5.894548869250986201e+00
2.100000000000000000e+03 2.797218621251009267e+02 3.153151678321875373e+00 -6.393261450027938331e+00
2.112000000000000000e+03 1.831450687543093636e+02 4.835092399933053287e+00 5.682536998422172303e+00
2.124000000000000000e+03 2.573694339818450771e+02 6.473471340072343594e+00 1.116626673274059023e+01
2.136000000000000000e+03 2.543630945713827884e+02 8.009431916042489163e+00 2.210812876904116209e+01
2.148000000000000000e+03 1.810960400497721707e+02 4.644561187218580578e+00 5.220834602903514643e+00
2.160000000000000000e+03 2.586709099164467602e+02 5.686252023606376049e+00 2.230321495757424444e+01
2.172000000000000000e+03 2.276460480803431210e+02 5.199586314773549489e+00 1.587643170852598828e+01
2.184000000000000000e+03 1.597775315730262662e+02 8.542743869585873284e+00 1.130430787470782583e+01
2.196000000000000000e+03 2.263019885947833245e+02 9.803651604875259551e+00 1.276022457373080421e+01
2.208000000000000000e+03 1.635302603466018923e+02 4.312302001202518831e+00 -4.049052467489036466e+00
2.220000000000000000e+03 1.595950683521554367e+02 1.175629616618043904e+01 1.337807202731650946e+01
2.232000000000000000e+03 1.658829172638362195e+02 1.195480666635315536e+01 3.734617529552981097e+00
2.244000000000000000e+03 1.119083077458472673e+02 6.635857810649419264e+00 -5.711879973719164560e+00
2.256000000000000000e+03 1.424246652493200713e+02 1.136944799014050034e+01 5.374125639084073924e+00
2.268000000000000000e+03 1.078182751307707292e+02 7.112398523537009964e+00 2.585968191186468257e+00
2.280000000000000000e+03 1.295482724878322074e+02 7.971578852620774036e+00 -8.019331036721002448e+00
2.292000000000000000e+03 1.268288369280498955e+02 9.151759172810455922e+00 -3.372708870998649910e+00
2.304000000000000000e+03 9.831373910007160077e+01 3.954795249127540213e+00 1.038290082134356584e+00
2.316000000000000000e+03 1.680556219319553293e+02 6.655386600893762328e+00 -7.579796361936179672e+00
2.328000000000000000e+03 1.676590408351967199e+02 5.483908226282244058e+00 -7.543115768023321621e+00
2.340000000000000000e+03 1.213437602421007568e+02 3.201534214149788671e+00 2.425790420699406091e+00
2.352000000000000000e+03 1.804256937049754583e+02 4.276939680869130456e+00 -5.869965715946331208e+00
2.364000000000000000e+03 1.657973960905598290e+02 3.420649888118359350e+00 -7.360963337598885881e-01
2.376000000000000000e+03 1.400332031228125231e+02 3.353455576541256367e+00 7.086132482853257031e+00
2.388000000000000000e+03 1.791178163897460536e+02 2.563566141605738924e+00 -2.817416424805663788e-01
2.400000000000000000e+03 1.501846669472799078e+02 2.761599372648608774e+00 2.412754617163017201e+00
2.412000000000000000e+03 1.272673058033766722e+02 4.375660124848160137e+00 6.703165753296927321e+00
2.424000000000000000e+03 1.510237445425462113e+02 2.918678095922053739e+00 7.072824145233465032e+00
2.436000000000000000e+03 1.443760480149857983e+02 2.895348181723290448e+00 5.119285316850337608e+00
2.448000000000000000e+03 1.300234803545669138e+02 5.542530999678242587e+00 9.720465793466084747e+00
2.460000000000000000e+03 1.363221391363154567e+02 4.262178676027656543e+00 1.283933922347242707e+01
2.472000000000000000e+03 1.501612335379033993e+02 2.891868037771268884e+00 7.015646859969463023e+00
2.484000000000000000e+03 9.162434096100682268e+01 7.656445081915269846e+00 9.358775956660425166e+00
2.496000000000000000e+03 8.434227283578435674e+01 6.934779206676255470e+00 9.674135280778671131e+00
