# l   D_l^TT[muK^2]   D_l^EE[muK^2]   D_l^TE[muK^2]  (sync gauge solver)
2.000000000000000000e+00 2.265164709538553041e+02 6.113243814403700703e-03 -9.522946251362345016e-02
3.000000000000000000e+00 3.091381336393856714e+02 1.419991745767964532e-02 6.591803258443773572e-01
4.000000000000000000e+00 4.021428399782931251e+02 1.509513383659433564e-02 1.127945413952317288e+00
5.000000000000000000e+00 4.342702711531935051e+02 1.091658503164000260e-02 1.118443846213518889e+00
6.000000000000000000e+00 4.353820439148106516e+02 6.364109304013106094e-03 9.370572995872546995e-01
7.000000000000000000e+00 4.317727289977280520e+02 3.457867987937843831e-03 7.461807125811074082e-01
8.000000000000000000e+00 4.300087864138741338e+02 2.152306611409411478e-03 5.924085450192488889e-01
9.000000000000000000e+00 4.299933994751268074e+02 1.691145654697891404e-03 4.859202139821665600e-01
1.000000000000000000e+01 4.321746935432060468e+02 1.466870736280270586e-03 4.238835202043303441e-01
1.100000000000000000e+01 4.362787385029036500e+02 1.257330987375535145e-03 3.978628590210818716e-01
1.200000000000000000e+01 4.408457452766354550e+02 1.082421078324096201e-03 3.966571188314862995e-01
1.300000000000000000e+01 4.476801723497745229e+02 1.002890000984422384e-03 4.103725708941301509e-01
1.400000000000000000e+01 4.536091243839293270e+02 1.025526432744963906e-03 4.337488214708517531e-01
1.500000000000000000e+01 4.636869035675297255e+02 1.114915292979870793e-03 4.625844551915575531e-01
1.600000000000000000e+01 4.683629804632573155e+02 1.243762501614319345e-03 4.928093183074530592e-01
1.700000000000000000e+01 4.834868999124142306e+02 1.411048206312865696e-03 5.207006746564444288e-01
1.800000000000000000e+01 4.854554983390971756e+02 1.633268711571532602e-03 5.490312875868540443e-01
1.900000000000000000e+01 5.063501312021147669e+02 1.931746193087323068e-03 5.779733570633087680e-01
2.000000000000000000e+01 5.056190922412068289e+02 2.308579085171229284e-03 6.102995451160824203e-01
2.100000000000000000e+01 5.301779645927156253e+02 2.750410718567545317e-03 6.427774608649124977e-01
2.200000000000000000e+01 5.283626017573067202e+02 3.255990231654631081e-03 6.786906450781003963e-01
2.300000000000000000e+01 5.541969680625062438e+02 3.828181281740240458e-03 7.123361541756803028e-01
2.400000000000000000e+01 5.522831569624974009e+02 4.464192199830739269e-03 7.419668867889576136e-01
2.500000000000000000e+01 5.788965215127913098e+02 5.175155746346582486e-03 7.660127951434699822e-01
2.600000000000000000e+01 5.816024919872442069e+02 5.975930739617840888e-03 7.851523213363306164e-01
2.700000000000000000e+01 6.018279376584243892e+02 6.852277274244133846e-03 8.098306793543145199e-01
2.800000000000000000e+01 6.184204921555580086e+02 7.789006804857117813e-03 8.277738773374661019e-01
2.900000000000000000e+01 6.277253433917393295e+02 8.809738552848134577e-03 8.423470629785257957e-01
3.000000000000000000e+01 6.501220579349196669e+02 9.948064930033034478e-03 8.464056993642484761e-01
3.200000000000000000e+01 6.895743777073188312e+02 1.253165813983369604e-02 8.501609867782083940e-01
3.400000000000000000e+01 7.241862229505643427e+02 1.552431307473044544e-02 8.214748746218984987e-01
3.600000000000000000e+01 7.539081965953781719e+02 1.903595798379783752e-02 7.806387366325809873e-01
3.800000000000000000e+01 7.782220948666371214e+02 2.301886190010774685e-02 7.289795648834692665e-01
4.000000000000000000e+01 8.018008606920800503e+02 2.753702322246115441e-02 6.319919396249228383e-01
4.200000000000000000e+01 8.264022421518991450e+02 3.260330510362215162e-02 5.134200978113064862e-01
4.400000000000000000e+01 8.631443156700149757e+02 3.827191568334194910e-02 3.447456138596804442e-01
4.600000000000000000e+01 9.230651535451663676e+02 4.454532402100500749e-02 1.470782907136410078e-01
4.800000000000000000e+01 9.904496546576745004e+02 5.146925655100090952e-02 -6.200473257829593188e-02
5.000000000000000000e+01 1.050558882514473225e+03 5.906721502440252097e-02 -3.159404126053858564e-01
5.200000000000000000e+01 1.084486391427742547e+03 6.727480115225849266e-02 -5.971478485043056894e-01
5.400000000000000000e+01 1.095284750508622437e+03 7.619020981155433248e-02 -9.160509671105995233e-01
5.600000000000000000e+01 1.099200310849534617e+03 8.584461749835566036e-02 -1.293200644389014942e+00
5.800000000000000000e+01 1.152045053407978912e+03 9.619288170787623771e-02 -1.716548014520570486e+00
6.000000000000000000e+01 1.243535687167547849e+03 1.071851091990085464e-01 -2.149788112548164154e+00
6.200000000000000000e+01 1.337293243729444612e+03 1.189223736347553989e-01 -2.617080388458003615e+00
6.400000000000000000e+01 1.386433104640295596e+03 1.313528409660262852e-01 -3.140342882453968087e+00
6.600000000000000000e+01 1.364952263142231232e+03 1.444668209750200605e-01 -3.681782360198011972e+00
6.800000000000000000e+01 1.370704875693050099e+03 1.582359718573940199e-01 -4.290478514189939752e+00
7.000000000000000000e+01 1.471881429025147554e+03 1.726678021909729133e-01 -4.930117369938146865e+00
7.200000000000000000e+01 1.621740202124576854e+03 1.877081888095573081e-01 -5.631898951240569495e+00
7.400000000000000000e+01 1.690617983895037014e+03 2.032863197501718622e-01 -6.331878452603447727e+00
7.600000000000000000e+01 1.665485797359186336e+03 2.194468239813286703e-01 -7.042371474814149934e+00
7.800000000000000000e+01 1.646463242736256461e+03 2.361841830233486206e-01 -7.847656911001468671e+00
8.000000000000000000e+01 1.802295953957064285e+03 2.533809772054841369e-01 -8.727119086669082648e+00
8.200000000000000000e+01 1.987768664406658672e+03 2.709219541681927024e-01 -9.518625276069522911e+00
8.400000000000000000e+01 1.962599685670432564e+03 2.890185178900111507e-01 -1.030262683622321873e+01
8.600000000000000000e+01 1.869696075091782177e+03 3.074097304746817305e-01 -1.131379410443076772e+01
8.800000000000000000e+01 2.004270023453078920e+03 3.261204983542960734e-01 -1.230352011061976647e+01
9.000000000000000000e+01 2.250826634033853225e+03 3.449835232057103518e-01 -1.318281321982718524e+01
9.200000000000000000e+01 2.269765778988203238e+03 3.640818356799234712e-01 -1.413955289218364797e+01
9.400000000000000000e+01 2.151393649922068562e+03 3.832180116910650636e-01 -1.522609365097236456e+01
9.600000000000000000e+01 2.280526647228958609e+03 4.022413766809528335e-01 -1.629233705395784071e+01
9.800000000000000000e+01 2.591424279832438060e+03 4.214818004269739182e-01 -1.712913002901823134e+01
1.000000000000000000e+02 2.511677092659105256e+03 4.404086499587699932e-01 -1.810211994846291006e+01
1.040000000000000000e+02 2.744867165631329044e+03 4.782012394103782316e-01 -2.046095819587293008e+01
1.080000000000000000e+02 2.612577359758069178e+03 5.144427345658981743e-01 -2.253605325233018775e+01
1.120000000000000000e+02 3.182570737135434683e+03 5.490271059441991230e-01 -2.401887014066450377e+01
1.160000000000000000e+02 3.025664497075320924e+03 5.812337935672743372e-01 -2.676228098686977930e+01
1.200000000000000000e+02 3.280520561674848068e+03 6.110595459187045941e-01 -2.851693077301416324e+01
1.240000000000000000e+02 3.611108596783769372e+03 6.368797060672135579e-01 -2.963065401227595430e+01
1.280000000000000000e+02 3.549843396571916855e+03 6.593665695416764949e-01 -3.196222275149540337e+01
1.320000000000000000e+02 3.838381946762355255e+03 6.783226341670558490e-01 -3.339034938541418285e+01
1.360000000000000000e+02 4.066731854301411204e+03 6.911494216597510176e-01 -3.428545443543505655e+01
1.400000000000000000e+02 4.052105061170104364e+03 6.996032861436722872e-01 -3.581604937564316060e+01
1.440000000000000000e+02 4.276249660036392925e+03 7.036224380917283083e-01 -3.616923784284700361e+01
1.480000000000000000e+02 4.669255276821789266e+03 7.091246758072726752e-01 -3.611276391289437271e+01
1.520000000000000000e+02 4.766575550569673396e+03 6.999825908493583215e-01 -3.711542180379481692e+01
1.560000000000000000e+02 4.600782203552568717e+03 6.829401591136443628e-01 -3.774539220062042943e+01
1.600000000000000000e+02 4.754203349433356379e+03 6.730508848719892745e-01 -3.734606028029953961e+01
1.640000000000000000e+02 5.129437838381035363e+03 6.619086771480447995e-01 -3.468769162916037629e+01
1.680000000000000000e+02 5.509969500910719944e+03 6.510408245158353369e-01 -3.274502254013182778e+01
1.720000000000000000e+02 5.575627554352716288e+03 6.175679468299235531e-01 -3.162216577588709754e+01
1.760000000000000000e+02 5.499959732620561226e+03 5.839571443202907775e-01 -3.170625726453528870e+01
1.800000000000000000e+02 5.441285149040169927e+03 5.439411900476109896e-01 -3.046916459907039254e+01
1.840000000000000000e+02 5.462004885137270321e+03 5.227411569434958771e-01 -2.863644989550456899e+01
1.880000000000000000e+02 5.601125888883111656e+03 5.038813809843789571e-01 -2.427947482849015515e+01
1.920000000000000000e+02 5.788471859798554760e+03 5.126196772198640117e-01 -1.962185830295817013e+01
1.960000000000000000e+02 5.940656610186658327e+03 5.165806207711144404e-01 -1.342936386762632139e+01
2.000000000000000000e+02 6.206046058568561421e+03 5.294402799014636951e-01 -9.059572870822355739e+00
2.040000000000000000e+02 6.209672326166190942e+03 5.294852948440873508e-01 -3.008497060675827672e+00
2.080000000000000000e+02 6.344486564922664002e+03 5.543011207074165503e-01 1.521231085504450853e+00
2.120000000000000000e+02 6.349996244384614329e+03 5.781995818146196120e-01 7.534654332326120141e+00
2.160000000000000000e+02 6.384888838900842529e+03 6.046196323320280896e-01 1.313275888810024128e+01
2.200000000000000000e+02 6.368982496625291787e+03 6.668216059819068731e-01 1.877473509375307259e+01
2.240000000000000000e+02 6.311162903898044533e+03 7.257666675152368851e-01 2.586527379655177938e+01
2.280000000000000000e+02 6.329258400046091992e+03 8.375990278370677444e-01 3.087647562434476001e+01
2.320000000000000000e+02 6.261405796791511420e+03 9.427329088069890117e-01 3.775628904362145022e+01
2.360000000000000000e+02 6.183463274126472243e+03 1.087976551707313000e+00 4.361875510256539457e+01
2.400000000000000000e+02 6.194723208290087314e+03 1.248790224455614384e+00 4.915381102693253723e+01
2.440000000000000000e+02 5.887504036118432850e+03 1.387106917709875376e+00 5.475780107169735800e+01
2.480000000000000000e+02 5.705570886183650146e+03 1.520319740750328164e+00 5.747697191018716012e+01
2.520000000000000000e+02 5.542512098983775104e+03 1.618951897269625073e+00 5.929079839474113101e+01
2.560000000000000000e+02 5.450524871510453522e+03 1.675977447289395128e+00 6.142733122667090129e+01
2.600000000000000000e+02 5.352291624153685007e+03 1.753319777653346012e+00 6.547278401958985228e+01
2.640000000000000000e+02 5.283277551620327358e+03 1.967566644314918900e+00 7.309064929352763329e+01
2.680000000000000000e+02 5.296500131613480335e+03 2.346548878277981309e+00 8.470586470835327475e+01
2.720000000000000000e+02 5.347345578836957429e+03 2.950942370171053764e+00 9.504108012208837408e+01
2.760000000000000000e+02 5.284461042742046629e+03 3.635457723491584581e+00 1.023065785373143797e+02
2.800000000000000000e+02 4.813470701970719347e+03 4.105773649417669091e+00 1.037731077966398487e+02
2.840000000000000000e+02 4.499722720836618464e+03 4.164616892748782995e+00 1.009258069194189176e+02
2.880000000000000000e+02 4.476633652029719087e+03 4.019499486390528453e+00 9.643112248504192507e+01
2.920000000000000000e+02 4.449969122854507077e+03 4.222878049946270806e+00 1.027987028240384149e+02
2.960000000000000000e+02 4.366047690010149381e+03 5.087147030229261624e+00 1.165488242927383737e+02
3.000000000000000000e+02 4.079770645427780892e+03 6.254851860921712969e+00 1.251377219552396980e+02
3.040000000000000000e+02 3.952184433002189053e+03 6.767242081885640914e+00 1.178908210950566513e+02
3.080000000000000000e+02 3.712702785842884623e+03 6.423929696060530325e+00 1.075973241494746304e+02
3.120000000000000000e+02 3.659154122475384156e+03 6.287134130520381170e+00 1.117344325199939590e+02
3.160000000000000000e+02 3.473994310062337718e+03 7.466602940713823244e+00 1.248226781199236655e+02
3.200000000000000000e+02 3.405387441390289951e+03 8.929786761172641363e+00 1.271775333483835624e+02
3.240000000000000000e+02 3.111424280124683719e+03 8.917054633929229368e+00 1.106083848852260019e+02
3.280000000000000000e+02 3.008903723986914429e+03 8.159543844108357646e+00 1.076770962842673640e+02
3.320000000000000000e+02 2.986170365605697043e+03 9.043728920793563830e+00 1.185720773864411370e+02
3.360000000000000000e+02 2.609723666571164813e+03 1.095663720819259979e+01 1.185099137700358511e+02
3.400000000000000000e+02 2.479075040582778456e+03 1.078801552899983385e+01 1.039562219593718311e+02
3.440000000000000000e+02 2.539475520587534447e+03 9.737409910084666720e+00 1.005726618685189209e+02
3.480000000000000000e+02 2.357384969189456569e+03 1.118033649101149507e+01 1.107036692566510396e+02
3.520000000000000000e+02 2.250010576227824004e+03 1.278565796087149842e+01 9.889657029377511321e+01
3.560000000000000000e+02 2.061634706973146422e+03 1.157162107099997606e+01 8.361733873527492733e+01
3.600000000000000000e+02 2.059230323262263482e+03 1.141643295989396023e+01 9.279798822535271086e+01
3.640000000000000000e+02 1.763505269573015767e+03 1.370399586305286554e+01 8.807917007902638318e+01
3.680000000000000000e+02 1.687062932260970911e+03 1.321380454230698831e+01 7.058170436273401549e+01
3.720000000000000000e+02 1.617295074497543283e+03 1.193879530431242841e+01 7.702129754553516250e+01
3.760000000000000000e+02 1.635891533573774723e+03 1.411342334668155729e+01 7.406770136787554293e+01
3.800000000000000000e+02 1.520363244181940445e+03 1.406168473451623591e+01 5.345564224555623412e+01
3.840000000000000000e+02 1.508042767794870770e+03 1.235743407346593159e+01 6.025522609143338570e+01
3.880000000000000000e+02 1.472804929551665737e+03 1.442523858516878477e+01 5.374754582830239968e+01
3.920000000000000000e+02 1.387154965252318107e+03 1.416841803833099256e+01 3.313330794508895139e+01
3.960000000000000000e+02 1.284233269161736189e+03 1.256872654822948654e+01 4.237728091662771845e+01
4.000000000000000000e+02 1.315921397475530966e+03 1.463877821599819562e+01 3.065661058461879307e+01
4.040000000000000000e+02 1.297220298761377535e+03 1.355206075465559223e+01 1.467587853721023095e+01
4.080000000000000000e+02 1.142558837539728984e+03 1.275718211729343388e+01 2.601197582812164910e+01
4.120000000000000000e+02 1.192778710517152831e+03 1.441273138091670170e+01 6.305298334442497321e+00
4.160000000000000000e+02 1.137790153954043262e+03 1.237726200334557092e+01 4.690799396185835413e+00
4.200000000000000000e+02 9.754613775665645790e+02 1.305425753512125553e+01 6.466006802931545394e+00
4.240000000000000000e+02 1.055727834177880823e+03 1.319790356367532702e+01 -1.013782054382805775e+01
4.280000000000000000e+02 1.097292800027987823e+03 1.140496568754575613e+01 -1.429730647813103772e+00
4.320000000000000000e+02 1.033824301061935785e+03 1.286886563450087273e+01 -1.957923376076293920e+01
4.360000000000000000e+02 1.003072215056181449e+03 1.118784079516815311e+01 -1.593132911689316344e+01
4.400000000000000000e+02 9.728478825255115225e+02 1.122669511679983501e+01 -1.627992690369602613e+01
4.440000000000000000e+02 1.103071189873468256e+03 1.111963719090518410e+01 -3.241139883157244839e+01
4.480000000000000000e+02 1.069274379591523939e+03 9.851849652619106834e+00 -2.227347461572623288e+01
4.520000000000000000e+02 1.118561576544504078e+03 1.057425733891276565e+01 -3.986234387987400396e+01
4.560000000000000000e+02 1.050481950950678538e+03 8.865592766042402317e+00 -2.846905030454582430e+01
4.600000000000000000e+02 1.224778872107285679e+03 9.233967401750332371e+00 -3.976386005231181997e+01
4.640000000000000000e+02 1.303498690787446321e+03 8.267094535409126976e+00 -4.243089324557175956e+01
4.680000000000000000e+02 1.150214520805198845e+03 8.006591528266714164e+00 -3.823027842790227027e+01
4.720000000000000000e+02 1.379633452887181420e+03 7.449824472265170527e+00 -4.416657102743663188e+01
4.760000000000000000e+02 1.319510456339839038e+03 6.629898275190661217e+00 -3.569149040382248472e+01
4.800000000000000000e+02 1.653614278869361215e+03 6.400492252006311666e+00 -4.703760465829934390e+01
4.840000000000000000e+02 1.395462012635220844e+03 5.704844526386576575e+00 -3.597257463456686111e+01
4.880000000000000000e+02 1.618695746717528891e+03 5.615732396568412277e+00 -4.073426306774258876e+01
4.920000000000000000e+02 1.429359599268494549e+03 4.876318762434834753e+00 -2.743644812226073171e+01
4.960000000000000000e+02 1.611770745233190382e+03 4.793384394773991808e+00 -3.097549344750029832e+01
5.000000000000000000e+02 1.514999858424907643e+03 4.365996477336932635e+00 -2.192670596721607268e+01
5.080000000000000000e+02 1.375474158405720118e+03 4.411140581264950455e+00 -2.282683890108388525e+01
5.160000000000000000e+02 1.512079828066081518e+03 3.976923737166047967e+00 -2.303578748981853508e+01
5.240000000000000000e+02 1.773587628474216672e+03 3.266469185632943972e+00 -1.717762695184898902e+01
5.320000000000000000e+02 1.774442288544886878e+03 3.316712754602853419e+00 -5.249224881354479066e+00
5.400000000000000000e+02 1.566523966105806494e+03 4.254476783770138937e+00 7.499528108410812521e+00
5.480000000000000000e+02 1.493786245151284447e+03 5.062738982080357886e+00 3.407888688527608956e+00
5.560000000000000000e+02 1.757407941424826959e+03 4.848201265909012569e+00 3.509049092503784717e+00
5.640000000000000000e+02 1.582742632683879947e+03 5.850157589989310125e+00 1.950917151008060202e+01
5.720000000000000000e+02 1.379153877363300808e+03 7.672008956611081842e+00 5.490730330434669071e+00
5.800000000000000000e+02 1.510205002383554074e+03 7.143067482902718091e+00 2.647775621895210652e+00
5.880000000000000000e+02 1.431935349670288588e+03 7.710520071857791535e+00 1.797582489675406592e+01
5.960000000000000000e+02 1.438822764195468608e+03 8.876195524380989355e+00 9.158741651180440257e+00
6.040000000000000000e+02 1.765080829817454287e+03 8.753470801696058956e+00 2.140984701110606991e+01
6.120000000000000000e+02 1.437367239809708281e+03 1.219667694656457257e+01 3.911918854252248678e+01
6.200000000000000000e+02 1.644960397407718347e+03 1.484696038274495322e+01 2.413782112801237645e+01
6.280000000000000000e+02 1.262009404621164322e+03 1.820733933027961982e+01 3.557866083179646921e+01
6.360000000000000000e+02 1.334199721341697568e+03 1.957447058526143380e+01 -1.102871056055772314e+01
6.440000000000000000e+02 1.277568867145402464e+03 1.755067624740602739e+01 -7.866186817315014679e+00
6.520000000000000000e+02 1.366649766537330606e+03 1.592928527640447633e+01 -2.237637511448141936e+01
6.600000000000000000e+02 1.362963712885230052e+03 1.595406962698802644e+01 6.560533103704323743e+00
6.680000000000000000e+02 1.286789624591242045e+03 2.098441408121080798e+01 -1.327387976461882602e+01
6.760000000000000000e+02 1.118311938656023813e+03 2.369929105605670117e+01 -2.072481128017805574e+01
6.840000000000000000e+02 1.432358874758434240e+03 2.207882520489200928e+01 -7.017544641863847232e+01
6.920000000000000000e+02 1.252794224495644585e+03 1.762764033571707856e+01 -4.122418886512174652e+01
7.000000000000000000e+02 1.452337247478947575e+03 1.656975264961740990e+01 -3.123955396260599926e+01
7.080000000000000000e+02 1.118463139452766427e+03 2.219761211258536449e+01 -5.229206263351058226e+01
7.160000000000000000e+02 1.408078871395355009e+03 2.157094095387534338e+01 -8.024823989277848568e+01
7.240000000000000000e+02 1.525450650845258224e+03 1.658709565760548088e+01 -8.417903789707797557e+01
7.320000000000000000e+02 1.138931812696965380e+03 1.487888194139388887e+01 -4.591588654238496048e+01
7.400000000000000000e+02 1.468578282170111379e+03 1.715590292052747756e+01 -7.611546749950929325e+01
7.480000000000000000e+02 1.682288181567381116e+03 1.668110887446264812e+01 -1.134370050076789767e+02
7.560000000000000000e+02 1.603908127973838646e+03 1.161572744108177702e+01 -6.075013333300426410e+01
7.640000000000000000e+02 1.463023599188420803e+03 1.172697776977633133e+01 -4.988144111973428352e+01
7.720000000000000000e+02 1.684867927228784993e+03 1.335713003776602292e+01 -9.440388138075878999e+01
7.800000000000000000e+02 1.890256182950098719e+03 1.002418204801804080e+01 -7.702403454269756367e+01
7.880000000000000000e+02 1.653987188082362763e+03 7.841050374344456841e+00 -3.959017198259807913e+01
7.960000000000000000e+02 1.899144928786737410e+03 8.624912499809317623e+00 -7.006311045659202819e+01
8.040000000000000000e+02 1.993666458151131337e+03 8.010216950432131000e+00 -5.719147187663222809e+01
8.120000000000000000e+02 1.536366091554529021e+03 7.594587461507396497e+00 -2.312200983674301114e+01
8.200000000000000000e+02 1.868004213781402541e+03 6.267827237090085823e+00 -3.864265978425301995e+01
8.280000000000000000e+02 2.167520918692699979e+03 5.001473152884634565e+00 -1.663501415042472686e+01
8.360000000000000000e+02 1.451268799300488354e+03 7.396548146581207739e+00 -1.275630157536930476e+01
8.440000000000000000e+02 1.760240704768642217e+03 6.896367079647715670e+00 -2.045326665833593438e+01
8.520000000000000000e+02 2.046558523536710027e+03 6.554118264790310455e+00 3.527004765920992924e+01
8.600000000000000000e+02 1.473230156568911752e+03 7.972264828838905970e+00 1.535139888324893676e+01
8.680000000000000000e+02 1.953347016318079795e+03 6.340471615822783846e+00 3.562311956848144945e+00
8.760000000000000000e+02 1.633659999059955908e+03 8.833036030167644270e+00 4.346277097436661307e+01
8.840000000000000000e+02 1.259120553425153503e+03 1.080907849522647446e+01 1.226559300357921067e+01
8.920000000000000000e+02 1.849991851803109739e+03 1.219610804269636262e+01 5.923085062109458931e+01
9.000000000000000000e+02 1.289845153205578299e+03 1.345607359708826323e+01 5.534534833356135408e+01
9.080000000000000000e+02 1.474878281964195367e+03 1.146947507503583097e+01 3.756695538571353410e+01
9.160000000000000000e+02 1.445556716471342042e+03 1.423709312871141641e+01 7.220838403499274705e+01
9.240000000000000000e+02 1.025512559541135033e+03 1.261611929907208740e+01 1.375714250337537337e+01
9.320000000000000000e+02 1.447194627196600550e+03 1.765425191104867153e+01 5.114046825899725235e+01
9.400000000000000000e+02 8.275483508670522497e+02 1.927959791537572087e+01 2.736103181985602362e+01
9.480000000000000000e+02 1.161664869371154737e+03 1.918339400565398023e+01 3.448627427132730361e+01
9.560000000000000000e+02 8.325785732867908564e+02 2.460218405463172076e+01 5.163786836956008841e+01
9.640000000000000000e+02 9.859246176284746070e+02 1.792763037426371397e+01 1.956080911567463332e+01
9.720000000000000000e+02 8.927752541620653801e+02 2.542575371588301536e+01 5.763405586575426298e+01
9.800000000000000000e+02 8.252844367464556399e+02 1.750714918565626732e+01 8.931987984858105634e+00
9.880000000000000000e+02 7.519175693517054242e+02 2.332002876040441564e+01 4.299211246635957195e+01
9.960000000000000000e+02 7.706785289832095032e+02 1.873914016648780745e+01 -6.002374400107624020e+00
1.004000000000000000e+03 6.786860312507109256e+02 1.961111720689986981e+01 1.774723423509530207e+01
1.012000000000000000e+03 8.248361759842820220e+02 1.979017565904039699e+01 -1.445764652071048673e+01
1.020000000000000000e+03 7.192719578310482120e+02 1.654337451445696416e+01 -5.327088252412265357e-01
1.028000000000000000e+03 7.547978774672974396e+02 2.198467461107096454e+01 -2.100080883240206120e+01
1.036000000000000000e+03 7.265726925940309684e+02 1.568510877105926760e+01 -2.194962372106553516e+01
1.044000000000000000e+03 8.313606900362825627e+02 2.208694604268546513e+01 -4.256516646223770550e+01
1.052000000000000000e+03 7.941575223844822631e+02 1.267318676104219932e+01 -3.216364276743927064e+01
1.060000000000000000e+03 7.472487996748316164e+02 1.982355052688972208e+01 -4.196883819674245331e+01
1.068000000000000000e+03 8.781310030329802885e+02 1.196194329282682745e+01 -3.103865012609225360e+01
1.076000000000000000e+03 8.060204353667875239e+02 1.849894222945125577e+01 -6.335225004945196048e+01
1.084000000000000000e+03 8.677576123019385932e+02 9.927977673553129989e+00 -2.750591843282075288e+01
1.092000000000000000e+03 8.622842698341229379e+02 1.414669909199551157e+01 -5.037970128794277969e+01
1.100000000000000000e+03 7.112031583711448093e+02 9.748032805199869699e+00 -2.905229194060149212e+01
1.108000000000000000e+03 9.727089765563495121e+02 1.318268005237676199e+01 -5.021114700654092644e+01
1.116000000000000000e+03 7.295265161291913500e+02 6.779821708181340334e+00 -2.664111205411819583e+01
1.124000000000000000e+03 8.157459368606903354e+02 1.183787941384006714e+01 -3.818501873000181490e+01
1.132000000000000000e+03 7.867690882629162843e+02 7.649563082061323627e+00 -1.917626482956479350e+01
1.140000000000000000e+03 8.913178470500705544e+02 7.943427902481162484e+00 -4.538243009761203695e+01
1.148000000000000000e+03 6.466084216972269587e+02 8.727262789858103886e+00 -1.345900673628949562e+01
1.156000000000000000e+03 1.061908062091778220e+03 7.588732719627740764e+00 -3.107686430829887314e+01
1.164000000000000000e+03 7.512998385740477261e+02 5.752811810343743559e+00 -1.719889903830638289e+01
1.172000000000000000e+03 9.844129053431389593e+02 8.721378974491203806e+00 -1.251093291267962826e+01
1.180000000000000000e+03 8.457085180068534100e+02 7.846129184971537107e+00 1.849057681625762228e+00
1.188000000000000000e+03 1.003236736018819101e+03 6.041699929745127484e+00 7.653706155868739813e+00
1.196000000000000000e+03 7.956355186321237625e+02 1.066301988042169313e+01 -7.659445139097663890e+00
1.204000000000000000e+03 8.286478744054459185e+02 1.147249568645995765e+01 1.392664664678233244e+01
1.212000000000000000e+03 6.912653997819284086e+02 8.102739146042262419e+00 3.914733420551242293e+00
1.220000000000000000e+03 7.729602255537162137e+02 9.263223727523007156e+00 -6.899631919635144328e+00
1.228000000000000000e+03 7.531309210761827444e+02 1.044544497728315235e+01 -5.069495898890154173e+00
1.236000000000000000e+03 5.587425718410784157e+02 1.029308895963145432e+01 9.906346635503675557e+00
1.244000000000000000e+03 7.726931396049643581e+02 9.529195575509417537e+00 3.203873303348358093e+01
1.252000000000000000e+03 6.118865807533214820e+02 1.261040228286578468e+01 1.832422681915556018e+00
1.260000000000000000e+03 7.006201175461442290e+02 1.939907020352015365e+01 1.353970645744088408e+01
1.268000000000000000e+03 4.652098275522619701e+02 1.569163506929561613e+01 -6.672555928023053085e+00
1.276000000000000000e+03 5.444070773682087747e+02 1.605916978061437206e+01 9.781168469511669628e+00
1.284000000000000000e+03 5.968321777449033334e+02 1.034593007588700608e+01 -4.871850508413345437e+00
1.292000000000000000e+03 5.963437570906536394e+02 1.447757503510802302e+01 -1.290140159446168688e+01
1.300000000000000000e+03 5.384441850622598622e+02 1.774352293771601552e+01 1.636667750242692732e+00
1.308000000000000000e+03 4.542697077308856137e+02 1.705259873207201338e+01 -1.419960430929970840e+01
1.316000000000000000e+03 4.036230018099024051e+02 2.286195104277776480e+01 -9.761659475615360293e+00
1.324000000000000000e+03 5.783866681782601518e+02 1.275024811538981240e+01 -2.630087668521461097e+01
1.332000000000000000e+03 5.669039583103008226e+02 1.834054169618619312e+01 -3.951069577839887614e+01
1.340000000000000000e+03 5.876655688616216366e+02 1.256202934887083877e+01 -1.091949379960802347e+01
1.348000000000000000e+03 4.702511161894983616e+02 1.721805054741933816e+01 -3.912867017821502458e+01
1.356000000000000000e+03 4.009273970589997589e+02 2.151449877616237316e+01 -3.251427464576685367e+01
1.364000000000000000e+03 5.760306067036906370e+02 1.289712234074309372e+01 -5.185716653661850728e+01
1.372000000000000000e+03 5.997089125389096580e+02 1.764271089870289444e+01 -4.623640133136194663e+01
1.380000000000000000e+03 4.747777874270649932e+02 9.781954599748159396e+00 -1.842338437234859683e+01
1.388000000000000000e+03 5.918392661576100409e+02 1.622940534183396721e+01 -5.296554230729876878e+01
1.396000000000000000e+03 6.740171707373461913e+02 1.554674533153369076e+01 -5.622392290121992886e+01
1.404000000000000000e+03 6.967674691643441065e+02 9.968501643438296256e+00 -4.650311462882904578e+01
1.412000000000000000e+03 6.380120941121916758e+02 1.314078441807351538e+01 -5.396160019581678569e+01
1.420000000000000000e+03 4.813948843853735866e+02 9.166186328883508594e+00 -3.537599344900058185e+01
1.428000000000000000e+03 7.318983398837358436e+02 1.049806848784218438e+01 -5.418989062662534906e+01
1.436000000000000000e+03 7.262589034457708976e+02 1.049834602323135258e+01 -5.281572387025671844e+01
1.444000000000000000e+03 5.763771524035937546e+02 8.075413340678490925e+00 -2.422406995374216265e+01
1.452000000000000000e+03 6.909481795257876229e+02 9.739433432609082786e+00 -3.825056063368722192e+01
1.460000000000000000e+03 6.047171283973819982e+02 9.175995708104728976e+00 -2.898921624015497400e+01
1.468000000000000000e+03 7.836662953055663365e+02 8.114633057655197490e+00 -2.034970040231201338e+01
1.476000000000000000e+03 7.215479199845646008e+02 7.699868906026486215e+00 -2.700755551817493583e+01
1.484000000000000000e+03 5.180298856422484732e+02 6.888444457799884013e+00 -1.841696348754711821e+01
1.492000000000000000e+03 8.185859389875945453e+02 5.559269277243332752e+00 -1.051467442013650810e+01
1.500000000000000000e+03 6.668087231086830116e+02 5.392311200960010709e+00 -8.992941834849382587e+00
1.512000000000000000e+03 6.917957839539030829e+02 9.000390183622846152e+00 -2.183364119431689954e+00
1.524000000000000000e+03 5.832016031552777804e+02 6.054284672281632140e+00 -5.450761699804076876e+00
1.536000000000000000e+03 6.794512613875242550e+02 9.562049153192022644e+00 1.150335083283808935e+01
1.548000000000000000e+03 4.701659786834230772e+02 6.865301976487012681e+00 -8.534636273610889390e-01
1.560000000000000000e+03 5.679925368900471767e+02 9.787734057994644132e+00 1.561760412950810384e+01
1.572000000000000000e+03 3.963598251502845073e+02 7.667779084773824749e+00 -7.042939050119801259e+00
1.584000000000000000e+03 4.311829629949755258e+02 9.907019075859667012e+00 2.364230400159280521e+01
1.596000000000000000e+03 3.715513393827355344e+02 7.968134002169414920e+00 -1.308237801858248162e+01
1.608000000000000000e+03 3.452783664306547280e+02 1.181860957524486366e+01 1.166195683099624247e+01
1.620000000000000000e+03 3.234889335261171937e+02 8.804757399093366743e+00 -1.178125445192892862e+01
1.632000000000000000e+03 3.355078027443486803e+02 1.247023193073757241e+01 4.901125048688668717e-01
1.644000000000000000e+03 3.334273779479881341e+02 9.309136650003855706e+00 -1.576935512894864644e+01
1.656000000000000000e+03 2.945472265149601299e+02 1.388138348143526635e+01 -9.897390173360758325e+00
1.668000000000000000e+03 2.702102370066785397e+02 1.015024549254515129e+01 -1.009479167216172435e+01
1.680000000000000000e+03 3.076713175192988388e+02 1.312297969784212448e+01 -1.519979243633744659e+01
1.692000000000000000e+03 2.626370144132815199e+02 1.012613771039861632e+01 -2.183036425722472273e+01
1.704000000000000000e+03 3.237156792697093124e+02 1.230354117486665189e+01 -2.603428612351497762e+01
1.716000000000000000e+03 2.876059575812416256e+02 9.129583911212597158e+00 -2.415217929476928660e+01
1.728000000000000000e+03 2.812674020879200611e+02 1.164287218706358651e+01 -2.120109829815415026e+01
1.740000000000000000e+03 3.192192547552163546e+02 8.210126421074996017e+00 -1.955204204412246227e+01
1.752000000000000000e+03 3.176471616482264722e+02 1.052054590562451253e+01 -3.510294127137159848e+01
1.764000000000000000e+03 3.672709956362440380e+02 5.831239200450966109e+00 -1.720022386295381978e+01
1.776000000000000000e+03 4.813768839673298316e+02 7.303072663927824060e+00 -3.358296529424975319e+01
1.788000000000000000e+03 3.148957018859965729e+02 5.839208415032863364e+00 -1.539023846079207480e+01
1.800000000000000000e+03 4.880178061475834284e+02 7.205081946493787193e+00 -2.198670944057983334e+01
1.812000000000000000e+03 3.215591586969095488e+02 3.470954000829765018e+00 -9.433216626895683632e+00
1.824000000000000000e+03 3.472417052327368197e+02 5.391862926116838928e+00 -8.043542597460124455e+00
1.836000000000000000e+03 2.317357550318309336e+02 6.198891082288971788e+00 -1.208844543435754426e+00
1.848000000000000000e+03 2.783205086898887544e+02 4.193972934148562537e+00 -6.869705036346346994e+00
1.860000000000000000e+03 2.216434386467759339e+02 4.505075340304037113e+00 -8.399077287452065832e+00
1.872000000000000000e+03 2.161290399753717111e+02 6.608038441605668112e+00 -4.712944043448394460e+00
1.884000000000000000e+03 2.699992268901548300e+02 4.670140625599340289e+00 7.686710815470172535e-03
1.896000000000000000e+03 2.190245942055204864e+02 5.530639842545280516e+00 5.946801277122312213e-01
1.908000000000000000e+03 2.165412301623625808e+02 1.088291635026546977e+01 3.304910234020242421e-01
1.920000000000000000e+03 1.671406629598911024e+02 1.000292563564515014e+01 -8.616683033193808683e+00
1.932000000000000000e+03 1.373483322583559811e+02 1.270622530866575062e+01 -2.001646082536260085e+00
1.944000000000000000e+03 2.427437700163354464e+02 7.004334594405885461e+00 -2.361190209875312007e+01
1.956000000000000000e+03 2.126370554105380108e+02 1.259966493257380904e+01 -2.442689241544486123e+01
1.968000000000000000e+03 1.726238115407888642e+02 6.516077635668978019e+00 -8.245147156474656569e+00
1.980000000000000000e+03 1.951401715919866433e+02 9.871191420652971615e+00 -1.593375960604503128e+01
1.992000000000000000e+03 1.777095662541100296e+02 1.197452436348784133e+01 -1.952611333385158332e+01
2.004000000000000000e+03 2.824962982764057529e+02 8.488473429271689241e+00 -3.207669294985159070e+01
2.016000000000000000e+03 2.707074342903264892e+02 1.348170970413763214e+01 -3.761376889164831994e+01
2.028000000000000000e+03 1.645480402194164924e+02 3.969716613892079415e+00 -9.620970593595918885e+00
2.040000000000000000e+03 2.107116991546837141e+02 9.394411956026823773e+00 -2.491439836934094743e+01
2.052000000000000000e+03 1.758357936143807478e+02 6.829292824691029828e+00 -1.842444316392035830e+01
2.064000000000000000e+03 2.897060135312111129e+02 5.874710003047132645e+00 -2.493025980180528478e+01
2.076000000000000000e+03 3.045027340526276589e+02 7.225861518206430745e+00 -3.535939285756823125e+01
2.088000000000000000e+03 2.016346933445463492e+02 2.417097337702271531e+00 -8.387964856750841136e+00
2.100000000000000000e+03 2.382763053346698143e+02 4.621697449807891545e+00 -2.424696386654476399e+01
2.112000000000000000e+03 1.561335577549263576e+02 3.536531891211652123e+00 -7.228105320779084408e+00
2.124000000000000000e+03 2.218509435479193144e+02 3.588804044537194926e+00 -9.247669738442299447e+00
2.136000000000000000e+03 2.214056964183299385e+02 3.742648152368064807e+00 -2.876801900397414347e+00
2.148000000000000000e+03 1.548444866509703388e+02 3.082840941807611923e+00 -6.150360049812060304e+00
2.160000000000000000e+03 2.253914940706143000e+02 2.038387568197213007e+00 -5.516033825319894834e-01
2.172000000000000000e+03 1.945634676738623625e+02 2.279161366542298950e+00 -2.810226911560796292e+00
2.184000000000000000e+03 1.412321160330984924e+02 4.401057142087845264e+00 4.767063064226349511e-01
2.196000000000000000e+03 1.906443232188867967e+02 5.027720414429666995e+00 -4.635970890911758069e+00
2.208000000000000000e+03 1.322250165116647338e+02 4.062423618101997924e+00 -1.094274674269811420e+01
2.220000000000000000e+03 1.449121583279169840e+02 6.631732215478610470e+00 1.552910247145556699e+00
2.232000000000000000e+03 1.323424383340092163e+02 8.643843005146033320e+00 -5.372646106718136139e+00
2.244000000000000000e+03 9.017664699207718115e+01 5.544231763291788795e+00 -8.811333585914175259e+00
2.256000000000000000e+03 1.208258850904993835e+02 7.614469477740792414e+00 -2.837567778174122424e+00
2.268000000000000000e+03 9.084531566654960955e+01 5.374505427441341077e+00 -2.024113334609642489e+00
2.280000000000000000e+03 1.044375612128075517e+02 7.463057289675957051e+00 -1.276814440894217562e+01
2.292000000000000000e+03 1.027559599794723084e+02 8.016525815555967327e+00 -9.444899630528940548e+00
2.304000000000000000e+03 8.540895665629270184e+01 2.645952441788082421e+00 -3.575682644137339050e+00
2.316000000000000000e+03 1.395644584591185549e+02 7.808068756930006238e+00 -1.749475561415068725e+01
2.328000000000000000e+03 1.346446357953091990e+02 7.182166582710157066e+00 -1.751732283105451771e+01
2.340000000000000000e+03 1.025396267867046873e+02 2.106139293086285225e+00 -5.940813358593389992e+00
2.352000000000000000e+03 1.492634730144254149e+02 6.301004031710439435e+00 -1.868538210315355741e+01
2.364000000000000000e+03 1.388246742524090678e+02 4.727051523636723651e+00 -1.467846493607430070e+01
2.376000000000000000e+03 1.213823571824020604e+02 1.980639129474487170e+00 -5.252294332180309056e+00
2.388000000000000000e+03 1.447515933212893913e+02 3.916359096181024402e+00 -1.501318601691144039e+01
2.400000000000000000e+03 1.205103080423370017e+02 2.833563529672085579e+00 -1.033217282784238300e+01
2.412000000000000000e+03 1.043608379615887003e+02 2.210632653283065796e+00 -4.378119670136535468e+00
2.424000000000000000e+03 1.241822255947594869e+02 2.117171421692694455e+00 -7.577375932505529654e+00
2.436000000000000000e+03 1.146921393949683363e+02 2.013677196954073878e+00 -6.482500727983529387e+00
2.448000000000000000e+03 1.053309399108342319e+02 2.208684627249320354e+00 -2.586829084390459776e+00
2.460000000000000000e+03 1.108039162121103374e+02 1.330352217119596947e+00 -1.695089803175950482e+00
2.472000000000000000e+03 1.222914389167574427e+02 1.696832170112781313e+00 -4.694190215031965430e+00
2.484000000000000000e+03 7.638023328663989275e+01 2.921897953180219165e+00 2.084819866305679392e-01
2.496000000000000000e+03 6.804673014780438223e+01 2.539128631287085991e+00 1.309412096817889282e+00
