# ell  Dl_TT[uK2]  Dl_EE[uK2]  Dl_TE[uK2]
       2    2.665367e+02    1.306718e-01    7.445678e-01
       3    1.102849e+03    2.916188e-01    5.429873e+00
       4    1.238199e+03    5.326331e-01    1.201754e+01
       5    2.210965e+03    8.404859e-01    1.752074e+01
       6    2.114941e+03    1.214959e+00    2.191947e+01
       7    2.153324e+03    1.664039e+00    2.541535e+01
       8    3.877710e+03    2.184199e+00    2.893550e+01
       9    2.154662e+03    2.763675e+00    3.437015e+01
      10    3.759596e+03    3.404378e+00    3.581766e+01
      11    5.745053e+03    4.111438e+00    3.535198e+01
      12    2.742976e+03    4.868861e+00    3.791772e+01
      13    4.258504e+03    5.664476e+00    3.574827e+01
      14    8.862612e+03    6.453291e+00    3.562187e+01
      15    7.138156e+03    7.090612e+00    5.135891e+01
      16    3.188295e+03    7.437291e+00    6.644093e+01
      17    5.999268e+03    7.544978e+00    4.982871e+01
      18    1.308047e+04    7.620933e+00    3.051094e-01
      19    1.753282e+04    7.834442e+00   -5.238883e+01
      20    1.645918e+04    8.223676e+00   -8.271976e+01
      21    1.277964e+04    8.733948e+00   -8.566958e+01
      22    8.977428e+03    9.297990e+00   -6.885329e+01
      23    6.660839e+03    9.862999e+00   -4.143298e+01
      24    5.499378e+03    1.042918e+01   -1.128443e+01
      25    5.140579e+03    1.097324e+01    2.030595e+01
      26    5.374223e+03    1.152164e+01    4.858619e+01
      27    5.558084e+03    1.203702e+01    7.633842e+01
      28    6.305666e+03    1.256088e+01    1.009759e+02
      29    6.551921e+03    1.307974e+01    1.254266e+02
      30    7.467047e+03    1.361562e+01    1.474940e+02
      32    8.559083e+03    1.464180e+01    1.864517e+02
      34    9.483756e+03    1.567719e+01    2.212989e+02
      36    1.031743e+04    1.682645e+01    2.512505e+02
      38    1.122397e+04    1.805164e+01    2.776245e+02
      40    1.227002e+04    1.942423e+01    3.014276e+02
      42    1.327736e+04    2.089797e+01    3.242924e+02
      44    1.394437e+04    2.248595e+01    3.492523e+02
      46    1.426543e+04    2.421757e+01    3.733199e+02
      48    1.467460e+04    2.609368e+01    3.968055e+02
      50    1.549649e+04    2.835110e+01    4.156156e+02
      52    1.637291e+04    3.100380e+01    4.256634e+02
      54    1.669383e+04    3.381103e+01    4.413493e+02
      56    1.670727e+04    3.675205e+01    4.660112e+02
      58    1.740203e+04    3.971102e+01    4.889168e+02
      60    1.873929e+04    4.311362e+01    4.995733e+02
      62    1.919327e+04    4.770234e+01    4.977741e+02
      64    1.869388e+04    5.211941e+01    5.136598e+02
      66    1.938000e+04    5.634199e+01    5.356469e+02
      68    2.093467e+04    6.131759e+01    5.279641e+02
      70    2.102030e+04    6.679826e+01    5.276785e+02
      72    2.109361e+04    7.258722e+01    5.437476e+02
      74    2.259319e+04    7.873264e+01    5.392274e+02
      76    2.253303e+04    8.583579e+01    5.154215e+02
      78    2.266404e+04    9.422053e+01    5.259618e+02
      80    2.482762e+04    9.935736e+01    5.061475e+02
      82    2.478051e+04    1.090362e+02    4.873429e+02
      84    2.447064e+04    1.213708e+02    4.454309e+02
      86    2.695243e+04    1.265374e+02    4.435926e+02
      88    2.608805e+04    1.350170e+02    4.317870e+02
      90    2.827352e+04    1.548652e+02    3.227115e+02
      92    2.877817e+04    1.600052e+02    3.016498e+02
      94    2.771826e+04    1.707925e+02    3.169392e+02
      96    3.234337e+04    1.975756e+02    1.439805e+02
      98    2.980456e+04    1.982768e+02    1.300101e+02
     100    3.288567e+04    2.115663e+02    5.725686e+01
     104    3.517014e+04    2.503861e+02   -6.655779e+01
     108    3.620907e+04    2.917753e+02   -3.310347e+02
     112    3.895793e+04    3.406967e+02   -6.851448e+02
     116    4.415492e+04    4.218525e+02   -7.827533e+02
     120    4.886290e+04    5.039964e+02   -1.199232e+03
     124    5.227275e+04    5.773756e+02   -1.937951e+03
     128    5.165034e+04    6.615676e+02   -2.370778e+03
     132    5.280627e+04    7.637236e+02   -3.310870e+03
     136    6.751131e+04    9.117403e+02   -4.801645e+03
     140    6.681554e+04    1.045548e+03   -5.274243e+03
     144    8.187152e+04    1.165773e+03   -6.014743e+03
     148    8.623457e+04    1.384565e+03   -7.000973e+03
     152    1.410808e+05    1.775000e+03   -1.070986e+04
     156    1.553436e+05    2.037395e+03   -1.239567e+04
     160    1.365454e+05    2.359534e+03   -1.290282e+04
     164    1.149950e+05    3.243187e+03   -1.411135e+04
     168    9.456066e+04    3.408566e+03   -1.327646e+04
     172    8.062518e+04    4.478352e+03   -1.459298e+04
     176    7.252229e+04    7.053852e+03   -1.970430e+04
     180    6.175311e+04    8.225227e+03   -2.062876e+04
     184    5.028554e+04    7.796206e+03   -1.793021e+04
     188    4.043867e+04    7.528374e+03   -1.552116e+04
     192    3.298512e+04    6.240014e+03   -1.184550e+04
     196    2.701057e+04    5.826598e+03   -9.821022e+03
     200    2.204628e+04    3.511293e+03   -5.554139e+03
     204    1.969184e+04    1.093571e+03   -1.796333e+03
     208    1.884053e+04    1.946045e+02   -5.139018e+02
     212    1.830514e+04    2.850179e+01   -3.214458e+02
     216    1.762117e+04    1.214893e+01   -3.314048e+02
     220    1.715060e+04    1.236685e+01   -3.550311e+02
     224    1.642212e+04    1.386274e+01   -3.751923e+02
     228    1.590376e+04    1.511017e+01   -3.768423e+02
     232    1.530723e+04    1.619275e+01   -3.826728e+02
     236    1.461055e+04    1.688398e+01   -3.746993e+02
     240    1.409731e+04    1.713804e+01   -3.591848e+02
     244    1.327581e+04    1.745106e+01   -3.466222e+02
     248    1.252175e+04    1.731942e+01   -3.239949e+02
     252    1.193985e+04    1.694267e+01   -3.038336e+02
     256    1.112397e+04    1.648337e+01   -2.905308e+02
     260    1.075180e+04    1.553411e+01   -2.719004e+02
     264    1.069040e+04    1.358908e+01   -2.524000e+02
     268    1.061624e+04    1.238823e+01   -2.247413e+02
     272    1.064137e+04    1.133909e+01   -1.752116e+02
     276    1.068063e+04    1.072630e+01   -1.224864e+02
     280    1.001421e+04    1.093319e+01   -8.860143e+01
     284    9.012968e+03    1.056045e+01   -6.709440e+01
     288    8.477167e+03    9.637475e+00   -5.141762e+01
     292    8.597325e+03    7.870621e+00   -4.634224e+01
     296    8.808083e+03    6.732713e+00   -7.766289e+00
     300    8.891213e+03    7.953364e+00    6.118407e+01
     304    8.363187e+03    1.090554e+01    1.109255e+02
     308    7.633571e+03    1.128898e+01    9.997014e+01
     312    7.366806e+03    9.267952e+00    7.615889e+01
     316    7.792958e+03    8.217082e+00    1.255703e+02
     320    7.974916e+03    1.369372e+01    2.176507e+02
     324    7.274922e+03    1.795654e+01    2.251096e+02
     328    6.759417e+03    1.465110e+01    1.731245e+02
     332    7.171462e+03    1.339010e+01    1.979764e+02
     336    7.478594e+03    2.043228e+01    2.909165e+02
     340    6.596014e+03    2.588888e+01    2.959065e+02
     344    6.163374e+03    2.118572e+01    2.421856e+02
     348    7.032171e+03    2.108328e+01    2.928727e+02
     352    7.194987e+03    3.105787e+01    3.711867e+02
     356    6.129058e+03    3.077752e+01    3.028349e+02
     360    6.146591e+03    2.647346e+01    2.830118e+02
     364    6.809211e+03    3.484727e+01    3.879527e+02
     368    6.014573e+03    4.002610e+01    3.811136e+02
     372    5.652830e+03    3.304210e+01    3.166177e+02
     376    6.707169e+03    3.806398e+01    4.154882e+02
     380    6.256888e+03    4.540175e+01    4.236494e+02
     384    5.652676e+03    3.728672e+01    3.367040e+02
     388    6.671189e+03    4.230494e+01    4.191677e+02
     392    6.088238e+03    4.946595e+01    4.248802e+02
     396    5.444754e+03    4.152712e+01    3.366097e+02
     400    6.435714e+03    4.816088e+01    4.352909e+02
     404    5.538224e+03    5.295966e+01    4.169797e+02
     408    5.369882e+03    4.473689e+01    3.498813e+02
     412    6.187707e+03    5.481724e+01    4.696879e+02
     416    5.005369e+03    5.322636e+01    3.895654e+02
     420    5.691505e+03    4.820599e+01    3.978172e+02
     424    5.732696e+03    5.993405e+01    4.750860e+02
     428    4.845037e+03    4.997496e+01    3.628435e+02
     432    6.026838e+03    5.543584e+01    4.649750e+02
     436    4.987525e+03    5.834446e+01    4.172187e+02
     440    5.351838e+03    5.001517e+01    3.894557e+02
     444    5.593008e+03    6.185293e+01    4.818709e+02
     448    4.705746e+03    5.109927e+01    3.538172e+02
     452    5.829929e+03    5.827016e+01    4.681617e+02
     456    4.564589e+03    5.771697e+01    3.832719e+02
     460    5.422237e+03    5.231031e+01    4.116748e+02
     464    4.916117e+03    6.242099e+01    4.326985e+02
     468    4.848452e+03    4.928511e+01    3.480730e+02
     472    5.247082e+03    6.339684e+01    4.526864e+02
     476    4.353162e+03    5.046932e+01    3.206928e+02
     480    5.434231e+03    5.974087e+01    4.431210e+02
     484    4.197517e+03    5.299223e+01    3.191615e+02
     488    5.460457e+03    5.488060e+01    4.026859e+02
     492    4.245509e+03    5.552395e+01    3.358659e+02
     496    5.237567e+03    5.034594e+01    3.709729e+02
     500    4.450052e+03    5.653618e+01    3.671283e+02
     508    4.561979e+03    5.736647e+01    3.886945e+02
     516    4.374435e+03    5.894066e+01    4.001576e+02
     524    4.262912e+03    5.955629e+01    3.920751e+02
     532    4.285319e+03    5.791573e+01    3.672225e+02
     540    4.254332e+03    5.581940e+01    3.625847e+02
     548    4.051839e+03    5.643955e+01    3.676200e+02
     556    3.630852e+03    5.687877e+01    3.440214e+02
     564    3.573369e+03    5.332717e+01    3.014123e+02
     572    3.386829e+03    5.066117e+01    2.933833e+02
     580    2.908854e+03    5.209668e+01    2.669750e+02
     588    2.787365e+03    4.673900e+01    2.168733e+02
     596    2.869298e+03    4.266446e+01    2.267019e+02
     604    2.806303e+03    4.373434e+01    2.075296e+02
     612    3.202911e+03    3.759722e+01    2.086944e+02
     620    3.293018e+03    4.219338e+01    2.701184e+02
     628    3.291801e+03    4.657987e+01    2.692691e+02
     636    3.013731e+03    5.296168e+01    3.076157e+02
     644    2.484456e+03    5.555470e+01    2.294140e+02
     652    2.316432e+03    4.558081e+01    2.035697e+02
     660    2.207531e+03    4.247731e+01    1.524723e+02
     668    2.782187e+03    3.852618e+01    2.170089e+02
     676    2.640350e+03    5.163753e+01    2.521602e+02
     684    2.550254e+03    5.871148e+01    2.807685e+02
     692    2.023724e+03    5.256747e+01    1.736993e+02
     700    2.069536e+03    4.345789e+01    1.798880e+02
     708    2.467136e+03    4.148690e+01    1.987196e+02
     716    2.481209e+03    6.480388e+01    2.840174e+02
     724    2.157536e+03    5.807394e+01    2.347154e+02
     732    1.653946e+03    4.713390e+01    1.537949e+02
     740    2.191623e+03    5.047808e+01    2.332129e+02
     748    2.351695e+03    6.359384e+01    2.583706e+02
     756    1.772403e+03    6.700573e+01    2.050983e+02
     764    1.966155e+03    4.706221e+01    1.775384e+02
     772    2.350235e+03    5.473405e+01    2.347902e+02
     780    1.961037e+03    7.709417e+01    2.688857e+02
     788    1.754655e+03    5.665826e+01    1.866753e+02
     796    2.229358e+03    5.158726e+01    1.928382e+02
     804    2.227139e+03    7.820431e+01    2.587553e+02
     812    1.754713e+03    6.432329e+01    2.053790e+02
     820    2.136361e+03    5.167431e+01    2.211435e+02
     828    2.279179e+03    7.606356e+01    2.711228e+02
     836    1.681402e+03    6.373625e+01    1.661022e+02
     844    2.077366e+03    5.821602e+01    2.356210e+02
     852    2.432759e+03    8.051330e+01    3.101561e+02
     860    2.004496e+03    5.514819e+01    1.496464e+02
     868    2.202412e+03    6.018981e+01    2.142892e+02
     876    2.019987e+03    8.071886e+01    2.773896e+02
     884    2.034284e+03    5.510869e+01    1.714785e+02
     892    2.811107e+03    6.745576e+01    3.019068e+02
     900    2.168587e+03    6.581040e+01    2.132422e+02
     908    2.359696e+03    4.839798e+01    1.500397e+02
     916    2.276992e+03    7.276765e+01    2.855107e+02
     924    1.791516e+03    5.419692e+01    1.453699e+02
     932    2.701040e+03    5.954981e+01    2.824363e+02
     940    2.266322e+03    6.312059e+01    2.371348e+02
     948    2.754785e+03    4.277981e+01    1.807971e+02
     956    2.819863e+03    6.195945e+01    2.755503e+02
     964    2.301228e+03    4.054817e+01    1.042307e+02
     972    2.868395e+03    5.355885e+01    2.463509e+02
     980    1.985965e+03    4.743243e+01    1.179325e+02
     988    2.596553e+03    4.295662e+01    1.992068e+02
     996    2.091667e+03    5.151806e+01    1.791347e+02
    1004    2.251012e+03    3.415517e+01    1.562635e+02
    1012    2.511565e+03    4.931538e+01    2.239736e+02
    1020    1.997547e+03    3.074553e+01    1.224033e+02
    1028    2.929133e+03    4.246100e+01    2.252902e+02
    1036    1.910586e+03    3.014523e+01    1.047872e+02
    1044    3.053761e+03    3.307721e+01    2.071279e+02
    1052    1.911634e+03    2.929969e+01    9.560823e+01
    1060    3.038695e+03    2.643675e+01    1.830202e+02
    1068    1.898372e+03    2.907864e+01    8.596329e+01
    1076    2.861496e+03    2.185301e+01    1.526341e+02
    1084    1.909310e+03    2.589471e+01    9.169341e+01
    1092    2.659954e+03    2.123310e+01    1.218005e+02
    1100    1.728745e+03    2.296392e+01    9.549826e+01
    1108    2.514797e+03    1.989771e+01    9.217810e+01
    1116    1.546549e+03    2.265893e+01    9.767746e+01
    1124    2.326178e+03    1.755679e+01    8.494994e+01
    1132    1.342360e+03    2.459031e+01    7.091316e+01
    1140    2.051338e+03    1.662937e+01    8.149211e+01
    1148    1.238590e+03    2.223163e+01    4.916531e+01
    1156    1.982688e+03    1.983720e+01    5.633441e+01
    1164    1.117428e+03    2.135088e+01    3.528966e+01
    1172    1.926208e+03    1.684093e+01    4.270752e+01
    1180    1.101310e+03    1.932968e+01    1.599686e+00
    1188    1.815073e+03    1.533397e+01    5.125966e+01
    1196    1.152182e+03    1.250062e+01    8.040551e+00
    1204    1.683833e+03    1.397087e+01    6.625587e+01
    1212    1.065880e+03    1.567523e+01    2.929816e+01
    1220    1.337881e+03    1.745285e+01    9.536796e+01
    1228    1.030162e+03    1.604497e+01    3.444213e+01
    1236    9.991881e+02    2.262650e+01    6.688823e+01
    1244    1.067054e+03    1.715001e+01    2.451380e+01
    1252    8.001259e+02    1.887790e+01    4.277251e+01
    1260    1.180597e+03    1.130849e+01    4.260424e+01
    1268    6.903582e+02    1.677938e+01    4.045493e+01
    1276    1.088505e+03    2.003572e+01    8.566419e+01
    1284    6.555541e+02    2.124571e+01    4.795489e+01
    1292    9.269471e+02    2.472231e+01    8.484692e+01
    1300    7.151094e+02    1.602623e+01    2.181502e+01
    1308    6.829447e+02    2.269401e+01    5.592212e+01
    1316    8.241217e+02    1.694673e+01    6.737816e+01
    1324    6.550362e+02    2.616324e+01    6.772127e+01
    1332    8.539272e+02    3.019730e+01    1.036000e+02
    1340    5.578988e+02    2.214944e+01    3.217220e+01
    1348    6.434145e+02    3.006316e+01    7.644099e+01
    1356    7.066887e+02    1.745395e+01    4.939775e+01
    1364    6.002641e+02    3.455055e+01    8.192605e+01
    1372    7.332728e+02    3.943911e+01    1.067133e+02
    1380    4.368186e+02    2.763540e+01    5.259985e+01
    1388    8.048950e+02    3.804490e+01    9.362589e+01
    1396    6.403044e+02    2.113586e+01    5.874246e+01
    1404    6.084811e+02    4.279518e+01    8.928343e+01
    1412    6.665323e+02    4.643712e+01    1.088591e+02
    1420    4.664584e+02    2.819403e+01    2.822474e+01
    1428    6.842697e+02    4.863928e+01    1.086938e+02
    1436    6.620693e+02    3.400724e+01    1.070879e+02
    1444    7.355728e+02    4.937888e+01    9.254993e+01
    1452    7.326976e+02    5.276525e+01    1.217577e+02
    1460    6.862741e+02    2.227438e+01    4.602939e+01
    1468    9.581561e+02    5.630696e+01    1.275769e+02
    1476    7.491137e+02    4.908260e+01    1.216456e+02
    1484    6.295763e+02    3.523413e+01    3.428894e+01
    1492    8.913475e+02    5.541761e+01    1.226382e+02
    1500    7.175577e+02    3.606699e+01    9.980602e+01
    1512    1.113162e+03    5.947252e+01    1.582811e+02
    1524    6.969467e+02    2.587068e+01    6.572152e+01
    1536    1.151651e+03    5.458856e+01    1.384948e+02
    1548    6.683145e+02    2.624396e+01    4.360325e+01
    1560    1.125988e+03    4.758737e+01    1.234186e+02
    1572    6.553175e+02    3.136355e+01    5.213057e+01
    1584    1.044140e+03    3.981845e+01    1.030634e+02
    1596    7.172628e+02    3.422960e+01    7.730903e+01
    1608    1.019251e+03    3.307417e+01    9.019544e+01
    1620    8.504183e+02    3.492432e+01    8.798154e+01
    1632    1.071116e+03    2.804782e+01    7.238513e+01
    1644    9.182379e+02    3.402651e+01    8.930764e+01
    1656    1.111404e+03    2.538498e+01    4.382873e+01
    1668    9.140183e+02    3.145144e+01    8.328477e+01
    1680    1.069697e+03    2.122397e+01    2.539163e+01
    1692    8.103239e+02    2.450085e+01    7.872517e+01
    1704    1.025705e+03    1.563536e+01    1.918343e+01
    1716    8.288121e+02    2.347506e+01    5.446549e+01
    1728    1.035459e+03    1.473402e+01    1.152692e+01
    1740    8.270833e+02    2.389905e+01    1.456428e+01
    1752    9.753873e+02    1.245623e+01    4.263236e+00
    1764    7.645842e+02    1.900333e+01    3.956192e+00
    1776    1.119151e+03    1.622053e+01   -1.195593e+01
    1788    6.809944e+02    1.354081e+01    6.581744e-01
    1800    1.143986e+03    1.291186e+01   -1.403305e+01
    1812    5.521746e+02    1.273940e+01    1.451798e+00
    1824    1.043351e+03    7.018910e+00    2.267667e+01
    1836    4.166092e+02    1.110189e+01    1.529067e+00
    1848    7.640204e+02    1.092472e+01    4.214879e+01
    1860    3.621277e+02    1.224327e+01    1.848628e+01
    1872    4.929261e+02    1.280589e+01    2.985301e+01
    1884    3.859201e+02    1.417661e+01    1.178599e-01
    1896    3.741514e+02    1.665641e+01    3.311374e+01
    1908    3.982418e+02    5.417517e+00    4.312839e+00
    1920    3.405878e+02    1.169709e+01    3.099092e+01
    1932    4.097959e+02    1.363764e+01    4.488699e+01
    1944    2.046113e+02    1.696694e+01    3.307557e+01
    1956    3.526018e+02    2.004753e+01    5.754349e+01
    1968    2.047681e+02    1.274211e+01    1.643434e+01
    1980    2.460331e+02    2.270196e+01    4.796551e+01
    1992    2.100246e+02    1.445240e+01    3.475544e+01
    2004    2.659681e+02    2.425799e+01    5.039063e+01
    2016    3.233428e+02    2.963700e+01    7.072541e+01
    2028    1.985474e+02    2.282472e+01    3.606231e+01
    2040    2.966143e+02    3.874860e+01    6.967347e+01
    2052    2.655675e+02    1.540468e+01    3.508477e+01
    2064    3.730586e+02    3.644521e+01    6.410148e+01
    2076    3.507210e+02    3.890982e+01    7.097594e+01
    2088    2.492680e+02    2.955648e+01    3.903651e+01
    2100    2.591672e+02    5.077715e+01    8.152566e+01
    2112    2.497108e+02    1.630829e+01    3.639314e+01
    2124    4.294088e+02    4.526444e+01    9.140237e+01
    2136    5.455906e+02    4.800573e+01    1.052679e+02
    2148    3.465406e+02    2.500772e+01    2.835065e+01
    2160    4.227920e+02    4.879145e+01    8.672133e+01
    2172    3.220364e+02    1.873332e+01    4.259733e+01
    2184    4.857754e+02    3.944471e+01    9.728596e+01
    2196    5.857797e+02    4.750994e+01    1.215905e+02
    2208    3.673470e+02    1.327276e+01    5.976238e+00
    2220    6.275478e+02    3.864039e+01    1.019243e+02
    2232    7.645499e+02    2.581765e+01    7.582536e+01
    2244    4.398759e+02    2.152262e+01    4.568413e+01
    2256    6.723693e+02    3.546530e+01    7.612142e+01
    2268    4.391516e+02    1.038561e+01    1.848582e+01
    2280    6.120549e+02    2.312021e+01    7.683394e+01
    2292    6.928821e+02    2.249129e+01    8.175559e+01
    2304    2.075134e+02    9.610967e+00    4.603603e+00
    2316    7.801008e+02    1.904144e+01    6.373379e+01
    2328    7.617976e+02    1.063626e+01    5.660075e+01
    2340    2.489132e+02    1.164224e+01    6.742519e+00
    2352    7.740856e+02    1.574579e+01    3.656421e+01
    2364    6.952134e+02    6.991378e+00    8.676436e+00
    2376    3.734726e+02    1.270103e+01    1.578853e+01
    2388    6.763280e+02    1.249791e+01    1.768591e+01
    2400    4.796829e+02    7.503217e+00   -2.261473e+01
    2412    4.288662e+02    1.093089e+01    1.842858e+01
    2424    5.653378e+02    1.143564e+01    1.472080e+01
    2436    3.399891e+02    9.764306e+00   -1.918657e+01
    2448    4.152278e+02    9.424341e+00    2.145608e+01
    2460    4.501858e+02    1.116749e+01    1.658967e+01
    2472    2.320330e+02    9.568102e+00   -1.402844e+01
    2484    3.567419e+02    9.248641e+00    2.864599e+01
    2496    3.593390e+02    1.068128e+01    2.133077e+01
