# ell  Dl_LCDM  Dl_Khr_DBI  Dl_Khr_full  res_pureDBI  res_full
     2  4.68676763e+03  4.68676251e+03  4.68669045e+03  -1.09222954e-06  -1.64674608e-05
     3  4.62920852e+03  4.62920733e+03  4.62909826e+03  -2.55186973e-07  -2.38174508e-05
     4  4.57310917e+03  4.57310556e+03  4.57297956e+03  -7.89303191e-07  -2.83431600e-05
     5  4.52452158e+03  4.52451026e+03  4.52440443e+03  -2.50212599e-06  -2.58915646e-05
     6  4.48001160e+03  4.48000057e+03  4.47985483e+03  -2.46106385e-06  -3.49932517e-05
     7  4.43802740e+03  4.43801132e+03  4.43790703e+03  -3.62300426e-06  -2.71207747e-05
     8  4.39732599e+03  4.39730945e+03  4.39713077e+03  -3.76101112e-06  -4.43933633e-05
     9  4.35754252e+03  4.35753882e+03  4.35742623e+03  -8.47175977e-07  -2.66860433e-05
    10  4.31804742e+03  4.31805058e+03  4.31782047e+03  7.31435564e-07  -5.25588699e-05
    11  4.27877513e+03  4.27877431e+03  4.27866900e+03  -1.89809735e-07  -2.48018054e-05
    12  4.23943950e+03  4.23943342e+03  4.23916531e+03  -1.43387905e-06  -6.46754917e-05
    13  4.19985391e+03  4.19984532e+03  4.19976283e+03  -2.04412665e-06  -2.16855175e-05
    14  4.16023421e+03  4.16022430e+03  4.15991205e+03  -2.38106971e-06  -7.74365279e-05
    15  4.11992262e+03  4.11991179e+03  4.11983599e+03  -2.62837679e-06  -2.10270143e-05
    16  4.07986542e+03  4.07986179e+03  4.07949334e+03  -8.88749120e-07  -9.11993328e-05
    17  4.03857977e+03  4.03858541e+03  4.03849693e+03  1.39855011e-06  -2.05120682e-05
    18  3.99806364e+03  3.99806820e+03  3.99765332e+03  1.14033517e-06  -1.02630166e-04
    19  3.95571503e+03  3.95571815e+03  3.95561332e+03  7.88063750e-07  -2.57105798e-05
    20  3.91474332e+03  3.91474762e+03  3.91431220e+03  1.10016738e-06  -1.10126755e-04
    21  3.87133378e+03  3.87133615e+03  3.87118905e+03  6.11876998e-07  -3.73856846e-05
    22  3.82988673e+03  3.82988647e+03  3.82946981e+03  -6.77403374e-08  -1.08858722e-04
    23  3.78555449e+03  3.78555364e+03  3.78534421e+03  -2.24291905e-07  -5.55496284e-05
    24  3.74355361e+03  3.74355361e+03  3.74317276e+03  0.00000000e+00  -1.01735051e-04
    25  3.69853399e+03  3.69853599e+03  3.69821539e+03  5.40651935e-07  -8.61438749e-05
    26  3.65584497e+03  3.65584785e+03  3.65551995e+03  7.87629724e-07  -8.89037051e-05
    27  3.61040215e+03  3.61040602e+03  3.60995987e+03  1.07361603e-06  -1.22499589e-04
    28  3.56692498e+03  3.56692873e+03  3.56668226e+03  1.05047890e-06  -6.80476885e-05
    29  3.52125491e+03  3.52126026e+03  3.52069398e+03  1.52014775e-06  -1.59298817e-04
    30  3.47703937e+03  3.47704724e+03  3.47688058e+03  2.26276813e-06  -4.56667750e-05
    32  3.38645377e+03  3.38646189e+03  3.38637824e+03  2.39824084e-06  -2.23036398e-05
    34  3.29531177e+03  3.29531909e+03  3.29533679e+03  2.22184862e-06  7.59131613e-06
    36  3.20355100e+03  3.20354622e+03  3.20370125e+03  -1.49229056e-06  4.69005605e-05
    38  3.11097105e+03  3.11097674e+03  3.11120622e+03  1.83187682e-06  7.55954500e-05
    40  3.01753072e+03  3.01753534e+03  3.01761817e+03  1.53263100e-06  2.89806590e-05
    42  2.92383122e+03  2.92384603e+03  2.92332332e+03  5.06720178e-06  -1.73710011e-04
    44  2.83129794e+03  2.83131469e+03  2.82966247e+03  5.91624745e-06  -5.77640887e-04
    46  2.74146513e+03  2.74147372e+03  2.73844223e+03  3.13370012e-06  -1.10265810e-03
    48  2.65453176e+03  2.65453840e+03  2.65055372e+03  2.49858915e-06  -1.49858563e-03
    50  2.56854837e+03  2.56855556e+03  2.56465056e+03  2.79961228e-06  -1.51751711e-03
    52  2.48071631e+03  2.48072108e+03  2.47793381e+03  1.92246595e-06  -1.12165208e-03
    54  2.39055168e+03  2.39056005e+03  2.38922818e+03  3.50351331e-06  -5.53634728e-04
    56  2.30110408e+03  2.30111246e+03  2.30096128e+03  3.64504806e-06  -6.20547207e-05
    58  2.21510837e+03  2.21511429e+03  2.21610999e+03  2.67326230e-06  4.52177367e-04
    60  2.13008074e+03  2.13009387e+03  2.13267368e+03  6.16688471e-06  1.21729899e-03
    62  2.04114653e+03  2.04116168e+03  2.04484138e+03  7.42003942e-06  1.81018300e-03
    64  1.95103707e+03  1.95105013e+03  1.95331037e+03  6.69601892e-06  1.16517562e-03
    66  1.87096470e+03  1.87097491e+03  1.86940568e+03  5.45316233e-06  -8.33273500e-04
    68  1.80400538e+03  1.80401786e+03  1.79994201e+03  6.91768933e-06  -2.25241632e-03
    70  1.73551797e+03  1.73552227e+03  1.73294808e+03  2.47772912e-06  -1.48076433e-03
    72  1.65487805e+03  1.65488428e+03  1.65493481e+03  3.76577069e-06  3.42990466e-05
    74  1.57607482e+03  1.57607838e+03  1.57628540e+03  2.25688242e-06  1.33607439e-04
    76  1.51109982e+03  1.51110348e+03  1.51137108e+03  2.41996208e-06  1.79511546e-04
    78  1.44182861e+03  1.44183118e+03  1.44420735e+03  1.78038609e-06  1.64980162e-03
    80  1.36024576e+03  1.36024784e+03  1.36120314e+03  1.52658296e-06  7.03831074e-04
    82  1.29922141e+03  1.29922294e+03  1.29385006e+03  1.17508586e-06  -4.13428781e-03
    84  1.26288694e+03  1.26288683e+03  1.25732567e+03  -9.05871360e-08  -4.40362185e-03
    86  1.20160181e+03  1.20159701e+03  1.20392367e+03  -3.99070764e-06  1.93230064e-03
    88  1.12060373e+03  1.12059733e+03  1.12486521e+03  -5.71115018e-06  3.80284214e-03
    90  1.07284233e+03  1.07283945e+03  1.07350095e+03  -2.69093663e-06  6.13900498e-04
    92  1.02614448e+03  1.02613831e+03  1.02786536e+03  -6.01184213e-06  1.67703676e-03
    94  9.53785606e+02  9.53784104e+02  9.50738966e+02  -1.57515314e-06  -3.19426056e-03
    96  9.29730848e+02  9.29731072e+02  9.17169425e+02  2.40718670e-07  -1.35108168e-02
    98  9.20351434e+02  9.20349180e+02  9.17256401e+02  -2.44911044e-06  -3.36288199e-03
   100  8.39122916e+02  8.39122026e+02  8.48628542e+02  -1.06069683e-06  1.13280493e-02
   104  7.74034184e+02  7.74032960e+02  7.78086851e+02  -1.58231639e-06  5.23577192e-03
   108  7.00534885e+02  7.00535404e+02  6.85477324e+02  7.40433349e-07  -2.14943762e-02
   112  6.21374181e+02  6.21377476e+02  6.27473861e+02  5.30309514e-06  9.81643703e-03
   116  6.20233484e+02  6.20234191e+02  6.22559911e+02  1.13947498e-06  3.75088868e-03
   120  6.12930235e+02  6.12929886e+02  6.11339678e+02  -5.69350388e-07  -2.59500418e-03
   124  5.04318109e+02  5.04317706e+02  4.95741770e+02  -8.00227166e-07  -1.70058122e-02
   128  5.00491395e+02  5.00490436e+02  5.01165870e+02  -1.91621337e-06  1.34762661e-03
   132  4.98933460e+02  4.98932862e+02  5.24638016e+02  -1.19804924e-06  5.15190066e-02
   136  5.88746823e+02  5.88747271e+02  5.80483244e+02  7.60597596e-07  -1.40358779e-02
   140  6.15454164e+02  6.15454717e+02  6.10424545e+02  8.99336611e-07  -8.17220754e-03
   144  5.96775599e+02  5.96776059e+02  5.80504215e+02  7.70823463e-07  -2.72654975e-02
   148  5.44257139e+02  5.44257757e+02  5.37178477e+02  1.13609510e-06  -1.30060979e-02
   152  5.67499199e+02  5.67499199e+02  5.46318234e+02  0.00000000e+00  -3.73233401e-02
   156  5.59421794e+02  5.59422137e+02  5.74988767e+02  6.13798345e-07  2.78268987e-02
   160  6.42403957e+02  6.42404731e+02  6.40778682e+02  1.20468004e-06  -2.52998870e-03
   164  6.89106770e+02  6.89107582e+02  7.23346062e+02  1.17971021e-06  4.96864841e-02
   168  7.77772803e+02  7.77773542e+02  8.06287802e+02  9.50450250e-07  3.66623755e-02
   172  8.48415685e+02  8.48416161e+02  8.65551034e+02  5.61951263e-07  2.01968796e-02
   176  9.35475210e+02  9.35475023e+02  9.86737954e+02  -2.00086464e-07  5.47986136e-02
   180  9.78091913e+02  9.78092305e+02  1.00138995e+03  4.00281451e-07  2.38198819e-02
   184  1.03829869e+03  1.03829992e+03  1.08738019e+03  1.18190496e-06  4.72710767e-02
   188  1.08275462e+03  1.08275484e+03  1.10712834e+03  1.97175824e-07  2.25108409e-02
   192  1.12489470e+03  1.12489492e+03  1.14497231e+03  1.97929590e-07  1.78484328e-02
   196  1.13364728e+03  1.13364728e+03  1.17405727e+03  0.00000000e+00  3.56460038e-02
   200  1.24553043e+03  1.24553091e+03  1.22013211e+03  3.87851759e-07  -2.03915648e-02
   204  1.31630155e+03  1.31630172e+03  1.29586985e+03  1.27262788e-07  -1.55220514e-02
   208  1.53183722e+03  1.53183966e+03  1.48070065e+03  1.59146773e-06  -3.33825135e-02
   212  1.72626857e+03  1.72627255e+03  1.69559529e+03  2.30516799e-06  -1.77685492e-02
   216  1.91108126e+03  1.91108520e+03  1.86227606e+03  2.06312920e-06  -2.55380027e-02
   220  1.95586449e+03  1.95586800e+03  2.00429860e+03  1.79234454e-06  2.47635300e-02
   224  1.87189744e+03  1.87189987e+03  1.91084019e+03  1.29420338e-06  2.08038880e-02
   228  1.69234012e+03  1.69234326e+03  1.74661605e+03  1.85373110e-06  3.20715253e-02
   232  1.70673344e+03  1.70673593e+03  1.68061871e+03  1.45897835e-06  -1.53010037e-02
   236  1.91797227e+03  1.91797407e+03  1.89062951e+03  9.34503238e-07  -1.42560805e-02
   240  2.28769337e+03  2.28769429e+03  2.21824644e+03  4.05100950e-07  -3.03567461e-02
   244  2.25101945e+03  2.25102209e+03  2.29831306e+03  1.17015164e-06  2.10098600e-02
   248  2.01425845e+03  2.01426019e+03  2.07870430e+03  8.59620318e-07  3.19948226e-02
   252  1.83381582e+03  1.83381735e+03  1.81904376e+03  8.35582617e-07  -8.05536459e-03
   256  2.20569445e+03  2.20569774e+03  2.15529829e+03  1.49351831e-06  -2.28482015e-02
   260  2.42707232e+03  2.42707531e+03  2.40127629e+03  1.23196005e-06  -1.06284553e-02
   264  2.19928331e+03  2.19928612e+03  2.28076308e+03  1.27421121e-06  3.70483280e-02
   268  1.94543006e+03  1.94543208e+03  1.93678240e+03  1.03906398e-06  -4.44511571e-03
   272  2.14987887e+03  2.14988021e+03  2.09370237e+03  6.22591048e-07  -2.61300771e-02
   276  2.48909469e+03  2.48909683e+03  2.49838769e+03  8.61228260e-07  3.73348603e-03
   280  2.05932672e+03  2.05932861e+03  2.10854058e+03  9.18254673e-07  2.38980370e-02
   284  1.92190876e+03  1.92191184e+03  1.90947551e+03  1.60260628e-06  -6.46921545e-03
   288  2.37861979e+03  2.37862196e+03  2.31873332e+03  9.11069395e-07  -2.51769822e-02
   292  2.14911329e+03  2.14911620e+03  2.19711886e+03  1.35544808e-06  2.23373857e-02
   296  1.84038678e+03  1.84038995e+03  1.87219353e+03  1.72208413e-06  1.72826450e-02
   300  2.16397510e+03  2.16397690e+03  2.08641705e+03  8.35753676e-07  -3.58405442e-02
   304  2.09910331e+03  2.09910387e+03  2.12304121e+03  2.65401680e-07  1.14038678e-02
   308  1.73593092e+03  1.73593340e+03  1.79696151e+03  1.42745660e-06  3.51572678e-02
   312  2.03077314e+03  2.03077666e+03  1.94115618e+03  1.73361569e-06  -4.41294764e-02
   316  1.92332958e+03  1.92333138e+03  1.96276440e+03  9.38810521e-07  2.05034131e-02
   320  1.59764412e+03  1.59764659e+03  1.63315169e+03  1.54525094e-06  2.22249579e-02
   324  1.95040761e+03  1.95040845e+03  1.88285950e+03  4.32519591e-07  -3.46328168e-02
   328  1.65512003e+03  1.65512122e+03  1.68058659e+03  7.18200560e-07  1.53865329e-02
   332  1.48682632e+03  1.48682632e+03  1.48180951e+03  0.00000000e+00  -3.37417253e-03
   336  1.76826564e+03  1.76826655e+03  1.77010747e+03  5.13008386e-07  1.04159940e-03
   340  1.41739632e+03  1.41739725e+03  1.38636528e+03  6.55306975e-07  -2.18929869e-02
   344  1.41301062e+03  1.41301062e+03  1.39019486e+03  0.00000000e+00  -1.61469164e-02
   348  1.43292508e+03  1.43292411e+03  1.46392424e+03  -6.79022211e-07  2.16334779e-02
   352  1.26783706e+03  1.26783694e+03  1.25710858e+03  -9.81446731e-08  -8.46203371e-03
   356  1.36913239e+03  1.36913137e+03  1.29207143e+03  -7.43661955e-07  -5.62845199e-02
   360  1.06601244e+03  1.06601309e+03  1.08962685e+03  6.10422090e-07  2.21520956e-02
   364  1.17941152e+03  1.17941073e+03  1.17400620e+03  -6.76850789e-07  -4.58306950e-03
   368  1.14133903e+03  1.14134012e+03  1.13914976e+03  9.53152325e-07  -1.91815948e-03
   372  1.05768603e+03  1.05768874e+03  9.76842898e+02  2.56178348e-06  -7.64339632e-02
   376  1.01078036e+03  1.01078093e+03  9.99778001e+02  5.61752742e-07  -1.08850127e-02
   380  8.97402545e+02  8.97401458e+02  8.87433633e+02  -1.21170067e-06  -1.11086294e-02
   384  1.01328521e+03  1.01328603e+03  1.03103049e+03  8.03592262e-07  1.75126131e-02
   388  9.49336313e+02  9.49337295e+02  9.13132068e+02  1.03487381e-06  -3.81363738e-02
   392  9.14062892e+02  9.14063895e+02  8.87095493e+02  1.09705576e-06  -2.95027831e-02
   396  8.17816834e+02  8.17818015e+02  8.19602215e+02  1.44378896e-06  2.18310517e-03
   400  7.55910756e+02  7.55912764e+02  8.01626340e+02  2.65617485e-06  6.04774889e-02
   404  7.35607759e+02  7.35609234e+02  8.03959448e+02  2.00468160e-06  9.29186627e-02
   408  7.07998932e+02  7.08000436e+02  7.61980963e+02  2.12425274e-06  7.62459214e-02
   412  6.72821204e+02  6.72823036e+02  6.59592277e+02  2.72250615e-06  -1.96618761e-02
   416  5.87501167e+02  5.87502948e+02  5.63333665e+02  3.03080032e-06  -4.11360918e-02
   420  6.18874633e+02  6.18876581e+02  5.88848397e+02  3.14727142e-06  -4.85174778e-02
   424  6.55324122e+02  6.55326017e+02  5.97429463e+02  2.89135048e-06  -8.83450763e-02
   428  7.36672004e+02  7.36673567e+02  7.25938105e+02  2.12157617e-06  -1.45707980e-02
   432  8.30958748e+02  8.30960433e+02  8.51242240e+02  2.02883859e-06  2.44097460e-02
   436  8.25072917e+02  8.25074825e+02  8.42201126e+02  2.31253547e-06  2.07596309e-02
   440  7.27981923e+02  7.27983574e+02  7.72659227e+02  2.26883234e-06  6.13714478e-02
   444  6.29983026e+02  6.29984312e+02  6.74965575e+02  2.04145729e-06  7.14027952e-02
   448  6.53912331e+02  6.53913640e+02  6.25006008e+02  2.00230851e-06  -4.42051960e-02
   452  7.16797203e+02  7.16798331e+02  6.29213563e+02  1.57331554e-06  -1.22187475e-01
   456  8.55061941e+02  8.55063611e+02  8.16628611e+02  1.95247850e-06  -4.49480076e-02
   460  9.50477730e+02  9.50479854e+02  9.74635952e+02  2.23423895e-06  2.54169257e-02
   464  9.67305932e+02  9.67307661e+02  1.01197341e+03  1.78693962e-06  4.61772001e-02
   468  7.28195445e+02  7.28196654e+02  7.96720346e+02  1.66014582e-06  9.41023471e-02
   472  8.38601882e+02  8.38603559e+02  8.71119091e+02  1.99949986e-06  3.87755010e-02
   476  8.99162706e+02  8.99164298e+02  8.45509990e+02  1.77010037e-06  -5.96696411e-02
   480  1.27314423e+03  1.27314723e+03  1.20744345e+03  2.36083084e-06  -5.16051289e-02
   484  1.10942870e+03  1.10943117e+03  1.11271206e+03  2.22479404e-06  2.95950578e-03
   488  1.04449950e+03  1.04450165e+03  1.14794187e+03  2.05909205e-06  9.90353497e-02
   492  9.98654829e+02  9.98657076e+02  1.02601528e+03  2.24983753e-06  2.73973053e-02
   496  1.13114969e+03  1.13115277e+03  1.04517499e+03  2.72797764e-06  -7.60064764e-02
   500  1.48518507e+03  1.48518833e+03  1.39753314e+03  2.19575215e-06  -5.90175107e-02
   506  1.31963105e+03  1.31963350e+03  1.28084571e+03  1.84944901e-06  -2.93910543e-02
   512  1.08164090e+03  1.08164380e+03  1.05038213e+03  2.67491334e-06  -2.88993990e-02
   518  1.42807260e+03  1.42807502e+03  1.49875754e+03  1.69668863e-06  4.94967433e-02
   524  1.20047013e+03  1.20047233e+03  1.29095583e+03  1.83587043e-06  7.53752175e-02
   530  1.51453278e+03  1.51453504e+03  1.45794635e+03  1.48865653e-06  -3.73623016e-02
   536  1.86768803e+03  1.86769106e+03  1.90526726e+03  1.62045452e-06  2.01207208e-02
   542  1.38554255e+03  1.38554476e+03  1.39562630e+03  1.59534025e-06  7.27783584e-03
   548  1.83845936e+03  1.83846313e+03  1.77694828e+03  2.04843265e-06  -3.34579518e-02
   554  1.45387187e+03  1.45387510e+03  1.44487629e+03  2.22371293e-06  -6.18732240e-03
   560  1.58736364e+03  1.58736757e+03  1.48254118e+03  2.47740655e-06  -6.60355688e-02
   566  1.66451746e+03  1.66452180e+03  1.75307961e+03  2.60649990e-06  5.32059032e-02
   572  1.19771965e+03  1.19772326e+03  1.15809305e+03  3.01440061e-06  -3.30850335e-02
   578  1.85724047e+03  1.85724550e+03  1.83967590e+03  2.70671376e-06  -9.45734810e-03
   584  1.21448246e+03  1.21448597e+03  1.29882103e+03  2.88744778e-06  6.94440346e-02
   590  1.67311934e+03  1.67312214e+03  1.61756513e+03  1.66961127e-06  -3.32039767e-02
   596  1.34118324e+03  1.34118556e+03  1.38784885e+03  1.72686599e-06  3.47943572e-02
   602  1.52532395e+03  1.52532759e+03  1.49640323e+03  2.38322212e-06  -1.89603789e-02
   608  1.34264746e+03  1.34265135e+03  1.40963544e+03  2.89975285e-06  4.98924571e-02
   614  1.36400676e+03  1.36401111e+03  1.26073642e+03  3.18814167e-06  -7.57110180e-02
   620  1.40937148e+03  1.40937467e+03  1.47756690e+03  2.25696366e-06  4.83871122e-02
   626  1.05236609e+03  1.05236825e+03  1.00056551e+03  2.05423690e-06  -4.92229709e-02
   632  1.44454119e+03  1.44454370e+03  1.48252727e+03  1.73333969e-06  2.62962885e-02
   638  9.28779038e+02  9.28781283e+02  8.83913664e+02  2.41760101e-06  -4.83057562e-02
   644  1.23790538e+03  1.23790777e+03  1.22975316e+03  1.93214086e-06  -6.58549211e-03
   650  9.00522559e+02  9.00523724e+02  9.27758082e+02  1.29403270e-06  3.02441322e-02
   656  1.12391585e+03  1.12391865e+03  1.08018716e+03  2.49609769e-06  -3.89074427e-02
   662  7.17927901e+02  7.17930484e+02  7.77212014e+02  3.59675921e-06  8.25766938e-02
   668  9.16375340e+02  9.16377858e+02  9.94695898e+02  2.74703708e-06  8.54677710e-02
   674  8.13507396e+02  8.13509048e+02  7.77596919e+02  2.03012595e-06  -4.41427786e-02
   680  7.61249608e+02  7.61251810e+02  7.38988294e+02  2.89357911e-06  -2.92431197e-02
   686  5.94208705e+02  5.94209589e+02  6.32089863e+02  1.48920993e-06  6.37505951e-02
   692  7.02975972e+02  7.02977953e+02  7.74742795e+02  2.81796509e-06  1.02090008e-01
   698  7.47770350e+02  7.47772610e+02  6.51766995e+02  3.02196133e-06  -1.28386149e-01
   704  5.96304211e+02  5.96305640e+02  5.64398084e+02  2.39631859e-06  -5.35064601e-02
   710  5.01780299e+02  5.01781816e+02  5.51084129e+02  3.02237540e-06  9.82578021e-02
   716  5.39231548e+02  5.39232833e+02  6.19548650e+02  2.38347006e-06  1.48947334e-01
   722  6.87347901e+02  6.87349011e+02  6.62916065e+02  1.61610892e-06  -3.55450798e-02
   728  5.84595566e+02  5.84596829e+02  5.35613494e+02  2.15913507e-06  -8.37879638e-02
   734  5.34765152e+02  5.34765996e+02  4.63710090e+02  1.57853107e-06  -1.32871527e-01
   740  5.80911220e+02  5.80912387e+02  5.89938590e+02  2.00868532e-06  1.55400167e-02
   746  6.53706195e+02  6.53707591e+02  7.83515270e+02  2.13417312e-06  1.98574031e-01
   752  6.56408365e+02  6.56409924e+02  7.06085765e+02  2.37565960e-06  7.56806319e-02
   758  6.69622046e+02  6.69623846e+02  6.36761213e+02  2.68871065e-06  -4.90737015e-02
   764  5.63250716e+02  5.63252252e+02  5.27997301e+02  2.72769091e-06  -6.25892060e-02
   770  6.48729744e+02  6.48731453e+02  5.84841877e+02  2.63470472e-06  -9.84814822e-02
   776  8.24566667e+02  8.24568855e+02  8.38967906e+02  2.65446977e-06  1.74652212e-02
   782  7.26744971e+02  7.26747117e+02  8.86542517e+02  2.95302642e-06  2.19881187e-01
   788  8.41027458e+02  8.41029715e+02  8.93238202e+02  2.68357579e-06  6.20797139e-02
   794  7.19566693e+02  7.19568905e+02  7.19798761e+02  3.07466236e-06  3.22510119e-04
   800  1.03404149e+03  1.03404421e+03  9.09681094e+02  2.63746241e-06  -1.20266346e-01
   806  1.11267053e+03  1.11267362e+03  9.85026434e+02  2.78066333e-06  -1.14718680e-01
   812  9.35135158e+02  9.35137472e+02  1.03320065e+03  2.47430391e-06  1.04867716e-01
   818  9.54707229e+02  9.54710164e+02  9.30874772e+02  3.07438222e-06  -2.49631052e-02
   824  6.92260406e+02  6.92261938e+02  7.23516306e+02  2.21262081e-06  4.51504945e-02
   830  1.27201900e+03  1.27202202e+03  1.22555716e+03  2.37561678e-06  -3.65260582e-02
   836  1.10278077e+03  1.10278323e+03  1.16417401e+03  2.22394172e-06  5.56712976e-02
   842  9.56015981e+02  9.56018291e+02  1.07828842e+03  2.41641033e-06  1.27897903e-01
   848  1.17433799e+03  1.17434114e+03  1.10238694e+03  2.68597087e-06  -6.12694512e-02
   854  9.54206739e+02  9.54209755e+02  9.04575647e+02  3.16095466e-06  -5.20129342e-02
   860  1.54580171e+03  1.54580422e+03  1.55651119e+03  1.61895361e-06  6.92810209e-03
   866  9.36088815e+02  9.36091352e+02  1.00463256e+03  2.71085644e-06  7.32235457e-02
   872  9.12437216e+02  9.12439218e+02  9.64933611e+02  2.19315766e-06  5.75342537e-02
   878  1.43261125e+03  1.43261492e+03  1.36031850e+03  2.56248571e-06  -5.04622218e-02
   884  9.63877002e+02  9.63879156e+02  9.12644125e+02  2.23521560e-06  -5.31529189e-02
   890  1.03480558e+03  1.03480916e+03  1.18037682e+03  3.45329969e-06  1.40674959e-01
   896  1.19287542e+03  1.19288045e+03  1.08693353e+03  4.21694744e-06  -8.88122023e-02
   902  8.49716384e+02  8.49718321e+02  8.70735740e+02  2.27979983e-06  2.47369081e-02
   908  1.19104306e+03  1.19104554e+03  1.25684288e+03  2.08188306e-06  5.52455429e-02
   914  8.00811941e+02  8.00812360e+02  7.80457667e+02  5.22901108e-07  -2.54170463e-02
   920  9.22126099e+02  9.22128538e+02  9.00656299e+02  2.64550021e-06  -2.32829323e-02
   926  1.14103596e+03  1.14103875e+03  1.12303274e+03  2.44842925e-06  -1.57779606e-02
   932  5.76444593e+02  5.76446389e+02  6.21880788e+02  3.11563627e-06  7.88214435e-02
   938  7.66777574e+02  7.66778897e+02  8.16728343e+02  1.72545285e-06  6.51437532e-02
   944  1.02898133e+03  1.02898267e+03  1.01145278e+03  1.30226802e-06  -1.70348594e-02
   950  5.79943766e+02  5.79944558e+02  5.09428031e+02  1.36502026e-06  -1.21590643e-01
   956  6.57784568e+02  6.57786057e+02  6.86078216e+02  2.26335315e-06  4.30135468e-02
   962  7.14074315e+02  7.14076112e+02  7.38691209e+02  2.51716953e-06  3.44738547e-02
   968  5.30767822e+02  5.30769290e+02  5.36642073e+02  2.76520531e-06  1.10674577e-02
   974  7.10497577e+02  7.10498766e+02  7.24874599e+02  1.67310729e-06  2.02351452e-02
   980  6.09472651e+02  6.09473734e+02  5.36908658e+02  1.77707678e-06  -1.19060294e-01
   986  4.14173794e+02  4.14174617e+02  4.11340303e+02  1.98535441e-06  -6.84131070e-03
   992  4.85938835e+02  4.85939914e+02  5.66616415e+02  2.22029247e-06  1.66024146e-01
   998  5.32476722e+02  5.32478220e+02  5.67177890e+02  2.81254493e-06  6.51693615e-02
  1004  4.51908890e+02  4.51910121e+02  4.88539944e+02  2.72506162e-06  8.10584950e-02
  1010  4.89457734e+02  4.89459428e+02  4.30557502e+02  3.46015882e-06  -1.20337730e-01
  1016  3.54693312e+02  3.54694767e+02  3.79925584e+02  4.10239056e-06  7.11382785e-02
  1022  2.68110490e+02  2.68111570e+02  2.63665461e+02  4.02707291e-06  -1.65790931e-02
  1028  3.29278382e+02  3.29279275e+02  3.62996445e+02  2.71438761e-06  1.02399871e-01
  1034  3.81298743e+02  3.81299916e+02  3.75979087e+02  3.07415944e-06  -1.39514139e-02
  1040  4.59406606e+02  4.59408198e+02  4.29937341e+02  3.46615134e-06  -6.41463666e-02
  1046  5.42564236e+02  5.42565915e+02  4.51333622e+02  3.09518144e-06  -1.68147121e-01
  1052  5.38008057e+02  5.38009756e+02  4.95571256e+02  3.15728831e-06  -7.88776317e-02
  1058  4.99975396e+02  4.99976939e+02  4.39330690e+02  3.08566306e-06  -1.21295381e-01
  1064  5.35177457e+02  5.35179230e+02  5.96477054e+02  3.31303679e-06  1.14540693e-01
  1070  3.40230158e+02  3.40231485e+02  4.47541951e+02  3.90000349e-06  3.15409409e-01
  1076  4.48747352e+02  4.48748694e+02  5.08426698e+02  2.99013385e-06  1.32990971e-01
  1082  4.06810676e+02  4.06811849e+02  4.43274131e+02  2.88453746e-06  8.96324946e-02
  1088  5.56039193e+02  5.56040898e+02  5.08591969e+02  3.06741143e-06  -8.53307183e-02
  1094  6.97860477e+02  6.97862651e+02  6.33577183e+02  3.11568585e-06  -9.21148223e-02
  1100  5.53231523e+02  5.53233342e+02  5.63823221e+02  3.28834332e-06  1.91451458e-02
  1106  8.55340796e+02  8.55343018e+02  7.93873038e+02  2.59809116e-06  -7.18634701e-02
  1112  6.10968119e+02  6.10969707e+02  7.42076262e+02  2.59913052e-06  2.14590809e-01
  1118  4.83805836e+02  4.83807480e+02  4.50809678e+02  3.39870060e-06  -6.82012393e-02
  1124  7.09435593e+02  7.09437730e+02  7.67586907e+02  3.01205189e-06  8.19684183e-02
  1130  6.82135858e+02  6.82137538e+02  5.82586642e+02  2.46253430e-06  -1.45937522e-01
  1136  7.70686580e+02  7.70689167e+02  7.13663367e+02  3.35663256e-06  -7.39901466e-02
  1142  6.72262147e+02  6.72264557e+02  7.37156220e+02  3.58499469e-06  9.65309039e-02
  1148  9.42540477e+02  9.42543037e+02  8.85281886e+02  2.71529129e-06  -6.07492119e-02
  1154  6.22531866e+02  6.22533493e+02  7.36314224e+02  2.61308564e-06  1.82773548e-01
  1160  5.11760589e+02  5.11762570e+02  4.89142142e+02  3.87065140e-06  -4.41973212e-02
  1166  9.78545986e+02  9.78548797e+02  9.82064587e+02  2.87206941e-06  3.59574387e-03
  1172  7.64337730e+02  7.64339881e+02  6.85226728e+02  2.81431794e-06  -1.03502678e-01
  1178  6.38667370e+02  6.38669239e+02  6.90407729e+02  2.92627847e-06  8.10129987e-02
  1184  5.90858241e+02  5.90860480e+02  7.07369707e+02  3.78983028e-06  1.97190220e-01
  1190  1.03016675e+03  1.03016986e+03  9.20226589e+02  3.01378358e-06  -1.06720746e-01
  1196  5.74496275e+02  5.74498560e+02  5.42013052e+02  3.97714219e-06  -5.65420948e-02
  1202  5.22482667e+02  5.22484296e+02  5.04300164e+02  3.11790973e-06  -3.48002030e-02
  1208  7.85452918e+02  7.85454198e+02  8.96623893e+02  1.62927329e-06  1.41537415e-01
  1214  7.60966161e+02  7.60968238e+02  7.32500552e+02  2.72963742e-06  -3.74071938e-02
  1220  5.58043096e+02  5.58044308e+02  4.81253743e+02  2.17192054e-06  -1.37604699e-01
  1226  4.63149208e+02  4.63151138e+02  4.52604131e+02  4.16735784e-06  -2.27682071e-02
  1232  7.62562404e+02  7.62565922e+02  7.81950348e+02  4.61310079e-06  2.54247310e-02
  1238  5.18691263e+02  5.18693327e+02  5.11522815e+02  3.97936984e-06  -1.38202589e-02
  1244  4.65994123e+02  4.65995722e+02  4.56575440e+02  3.43230649e-06  -2.02120209e-02
  1250  5.02147261e+02  5.02148582e+02  5.13824659e+02  2.63125427e-06  2.32549278e-02
  1256  6.70044392e+02  6.70045973e+02  5.89211713e+02  2.35957697e-06  -1.20637797e-01
  1262  3.53990735e+02  3.53991633e+02  3.57558893e+02  2.53633226e-06  1.00798071e-02
  1268  3.46242490e+02  3.46243397e+02  3.51811491e+02  2.61779629e-06  1.60841040e-02
  1274  4.10057597e+02  4.10059300e+02  4.98545995e+02  4.15281311e-06  2.15795045e-01
  1280  4.95912544e+02  4.95913878e+02  4.99509489e+02  2.69023478e-06  7.25318338e-03
  1286  3.25506119e+02  3.25507077e+02  3.44829967e+02  2.94370928e-06  5.93655463e-02
  1292  3.10649290e+02  3.10650074e+02  3.12551656e+02  2.52432205e-06  6.12383701e-03
  1298  2.93710482e+02  2.93710719e+02  3.22331427e+02  8.08425010e-07  9.74461135e-02
  1304  2.96119631e+02  2.96119950e+02  3.48597722e+02  1.07903364e-06  1.77219226e-01
  1310  2.15365484e+02  2.15366035e+02  2.70927819e+02  2.55790600e-06  2.57990898e-01
  1316  1.78665750e+02  1.78666129e+02  2.80217255e+02  2.12501122e-06  5.68388212e-01
  1322  2.21607798e+02  2.21608332e+02  2.26430158e+02  2.40809550e-06  2.17607858e-02
  1328  2.68578624e+02  2.68579480e+02  2.71467502e+02  3.18747024e-06  1.07561697e-02
  1334  2.47979718e+02  2.47980332e+02  2.21708370e+02  2.47215927e-06  -1.05941520e-01
  1340  1.85942370e+02  1.85942834e+02  1.67047493e+02  2.49500828e-06  -1.01616849e-01
  1346  3.06411083e+02  3.06411962e+02  2.11997059e+02  2.87013757e-06  -3.08128618e-01
  1352  3.56824888e+02  3.56826262e+02  2.98552659e+02  3.85028982e-06  -1.63307636e-01
  1358  2.48236070e+02  2.48236879e+02  2.86332051e+02  3.25720584e-06  1.53466743e-01
  1364  3.39145891e+02  3.39147144e+02  2.72848944e+02  3.69370112e-06  -1.95482088e-01
  1370  3.75384488e+02  3.75385986e+02  4.05330033e+02  3.99286577e-06  7.97729954e-02
  1376  3.88886178e+02  3.88887364e+02  4.22721520e+02  3.04945825e-06  8.70057705e-02
  1382  1.98174700e+02  1.98175448e+02  2.29920534e+02  3.77272245e-06  1.60191153e-01
  1388  3.78456090e+02  3.78457387e+02  4.14189333e+02  3.42750032e-06  9.44184672e-02
  1394  3.45508908e+02  3.45510064e+02  3.90989628e+02  3.34652569e-06  1.31634003e-01
  1400  3.68607571e+02  3.68609013e+02  3.69290457e+02  3.91320511e-06  1.85261121e-03
  1406  2.91737450e+02  2.91738286e+02  2.14516382e+02  2.86473091e-06  -2.64693709e-01
  1412  4.75877453e+02  4.75879045e+02  4.76564475e+02  3.34568262e-06  1.44369485e-03
  1418  3.59000777e+02  3.59002130e+02  4.00874584e+02  3.77106943e-06  1.16639879e-01
  1424  5.74419459e+02  5.74421491e+02  5.14809807e+02  3.53759831e-06  -1.03773733e-01
  1430  4.43586956e+02  4.43588653e+02  3.74076150e+02  3.82565329e-06  -1.56701646e-01
  1436  2.88179813e+02  2.88180685e+02  4.25699972e+02  3.02513145e-06  4.77202609e-01
  1442  4.41283263e+02  4.41284956e+02  4.04887447e+02  3.83663349e-06  -8.24772169e-02
  1448  5.94234691e+02  5.94237120e+02  6.35683314e+02  4.08830699e-06  6.97512685e-02
  1454  4.93976748e+02  4.93978569e+02  4.42069811e+02  3.68566973e-06  -1.05079717e-01
  1460  2.46669585e+02  2.46670269e+02  2.29380436e+02  2.77379374e-06  -7.00903174e-02
  1466  5.32952170e+02  5.32954055e+02  5.67355557e+02  3.53587342e-06  6.45524838e-02
  1472  4.59190361e+02  4.59192227e+02  5.39735864e+02  4.06362214e-06  1.75407653e-01
  1478  6.30787780e+02  6.30790037e+02  5.95087064e+02  3.57878910e-06  -5.65970314e-02
  1484  3.35700808e+02  3.35701773e+02  2.63514187e+02  2.87606590e-06  -2.15032611e-01
  1490  3.61823581e+02  3.61824797e+02  4.20904716e+02  3.36254359e-06  1.63287134e-01
  1496  4.70546493e+02  4.70548210e+02  4.36704889e+02  3.64904960e-06  -7.19197888e-02
  1500  4.77278738e+02  4.77280076e+02  5.10677054e+02  2.80489297e-06  6.99765437e-02
  1508  4.24468286e+02  4.24469781e+02  3.63774943e+02  3.52312018e-06  -1.42986755e-01
  1516  2.40795356e+02  2.40796292e+02  2.78270250e+02  3.88546370e-06  1.55629633e-01
  1524  4.22351415e+02  4.22352688e+02  4.37212329e+02  3.01357313e-06  3.51861355e-02
  1532  4.75135779e+02  4.75137139e+02  4.54783889e+02  2.86165809e-06  -4.28338397e-02
  1540  1.66631841e+02  1.66632101e+02  1.56564710e+02  1.55989814e-06  -6.04154120e-02
  1548  2.85936215e+02  2.85936665e+02  3.60041717e+02  1.57458928e-06  2.59167948e-01
  1556  3.71691609e+02  3.71692405e+02  3.57439408e+02  2.14174409e-06  -3.83441544e-02
  1564  2.06010207e+02  2.06010667e+02  1.80541386e+02  2.23088114e-06  -1.23628926e-01
  1572  1.76306838e+02  1.76307148e+02  2.18392717e+02  1.75563782e-06  2.38708149e-01
  1580  2.97306774e+02  2.97306676e+02  2.99955812e+02  -3.28667677e-07  8.91011498e-03
  1588  2.79714272e+02  2.79714410e+02  2.25039607e+02  4.94038334e-07  -1.95466126e-01
  1596  1.35876414e+02  1.35876773e+02  1.61454454e+02  2.64161225e-06  1.88244884e-01
  1604  1.92786523e+02  1.92786664e+02  2.11045357e+02  7.31313529e-07  9.47101167e-02
  1612  2.21256073e+02  2.21256419e+02  1.71043599e+02  1.56298915e-06  -2.26942807e-01
  1620  1.64263918e+02  1.64264483e+02  1.15937354e+02  3.43946888e-06  -2.94200724e-01
  1628  1.50250216e+02  1.50250838e+02  1.34251553e+02  4.14270944e-06  -1.06480130e-01
  1636  1.91519684e+02  1.91520166e+02  1.77592339e+02  2.51622363e-06  -7.27201756e-02
  1644  1.42355724e+02  1.42355914e+02  1.33772172e+02  1.33763656e-06  -6.02964946e-02
  1652  1.03528669e+02  1.03528754e+02  7.56005901e+01  8.25439211e-07  -2.69761789e-01
  1660  1.53906257e+02  1.53906699e+02  1.28280532e+02  2.87328129e-06  -1.66502165e-01
  1668  1.80913604e+02  1.80914192e+02  1.62751525e+02  3.25048196e-06  -1.00390895e-01
  1676  2.01671249e+02  2.01671952e+02  1.81575307e+02  3.48912000e-06  -9.96470319e-02
  1684  9.12902104e+01  9.12905600e+01  1.19233220e+02  3.83002123e-06  3.06089886e-01
  1692  1.58914840e+02  1.58915311e+02  1.52656954e+02  2.96152221e-06  -3.93788673e-02
  1700  2.19470752e+02  2.19471589e+02  1.79221696e+02  3.81400401e-06  -1.83391435e-01
  1708  2.66253872e+02  2.66254694e+02  2.74924316e+02  3.08773013e-06  3.25645743e-02
  1716  1.05899264e+02  1.05899517e+02  1.31787189e+02  2.39436393e-06  2.44458027e-01
  1724  2.43634531e+02  2.43635509e+02  2.48158171e+02  4.01087980e-06  1.85673176e-02
  1732  2.47152588e+02  2.47153105e+02  2.09828771e+02  2.09029127e-06  -1.51015278e-01
  1740  3.12985408e+02  3.12986190e+02  2.94527931e+02  2.49885299e-06  -5.89723247e-02
  1748  1.16974011e+02  1.16974250e+02  1.82918233e+02  2.04477108e-06  5.63751055e-01
  1756  2.96335627e+02  2.96336955e+02  2.79488184e+02  4.47999917e-06  -5.68525741e-02
  1764  2.86999430e+02  2.87000307e+02  2.88064324e+02  3.05539663e-06  3.71043972e-03
  1772  3.07550520e+02  3.07550889e+02  2.43162270e+02  1.19880925e-06  -2.09358289e-01
  1780  1.05913123e+02  1.05913272e+02  1.79221520e+02  1.40503854e-06  6.92155939e-01
  1788  3.43084256e+02  3.43084756e+02  3.11567967e+02  1.45884752e-06  -9.18616587e-02
  1796  3.03573189e+02  3.03573694e+02  2.70520773e+02  1.66350393e-06  -1.08877913e-01
  1804  2.44119146e+02  2.44119018e+02  2.36192683e+02  -5.21776771e-07  -3.24696467e-02
  1812  1.02129957e+02  1.02130625e+02  1.35902733e+02  6.54303189e-06  3.30684328e-01
  1820  2.75083795e+02  2.75083147e+02  2.71529279e+02  -2.35645512e-06  -1.29215745e-02
  1828  2.48367097e+02  2.48366653e+02  2.61699180e+02  -1.79038980e-06  5.36789404e-02
  1836  2.20901302e+02  2.20901698e+02  1.85058738e+02  1.79175099e-06  -1.62256013e-01
  1844  8.35191454e+01  8.35195978e+01  7.72571487e+01  5.41780045e-06  -7.49767811e-02
  1852  2.12204400e+02  2.12204400e+02  2.33488255e+02  0.00000000e+00  1.00298838e-01
  1860  1.83476709e+02  1.83477129e+02  1.74160182e+02  2.28777290e-06  -5.07777099e-02
  1868  1.23684665e+02  1.23684433e+02  1.09731271e+02  -1.87712018e-06  -1.12814260e-01
  1876  5.04758531e+01  5.04759151e+01  8.74622666e+01  1.22800121e-06  7.32754599e-01
  1884  1.27144943e+02  1.27145040e+02  1.55234449e+02  7.64828467e-07  2.20925073e-01
  1892  1.36210999e+02  1.36211195e+02  1.32409497e+02  1.43999322e-06  -2.79089200e-02
  1900  1.05778816e+02  1.05779240e+02  1.14232438e+02  4.00710861e-06  7.99179077e-02
  1908  1.05178031e+02  1.05179128e+02  7.51798684e+01  1.04309252e-05  -2.85213195e-01
  1916  1.20220887e+02  1.20221548e+02  7.66289916e+01  5.49753958e-06  -3.62598350e-01
  1924  9.67200216e+01  9.67205432e+01  8.44122280e+01  5.39255719e-06  -1.27251767e-01
  1932  9.71219946e+01  9.71227032e+01  8.29655354e+01  7.29517920e-06  -1.45759561e-01
  1940  8.35151162e+01  8.35160148e+01  1.04485560e+02  1.07588252e-05  2.51097577e-01
  1948  5.33862405e+01  5.33865264e+01  7.52486025e+01  5.35519179e-06  4.09513046e-01
  1956  6.69410849e+01  6.69416913e+01  8.74165966e+01  9.05930321e-06  3.05873616e-01
  1964  6.68767585e+01  6.68776190e+01  1.01516474e+02  1.28669769e-05  5.17963428e-01
  1972  7.57398562e+01  7.57408455e+01  7.79589684e+01  1.30615801e-05  2.92991337e-02
  1980  1.02798922e+02  1.02799820e+02  8.75235843e+01  8.73151922e-06  -1.48594337e-01
  1988  1.55894041e+02  1.55896145e+02  1.45831925e+02  1.34937730e-05  -6.45445857e-02
  1996  1.22906545e+02  1.22908026e+02  1.24284277e+02  1.20520254e-05  1.12095888e-02
  2004  1.49039591e+02  1.49041462e+02  1.36384996e+02  1.25496105e-05  -8.49076064e-02
  2012  1.21794987e+02  1.21796373e+02  1.33114181e+02  1.13821220e-05  9.29364567e-02
  2020  7.17587533e+01  7.17593681e+01  1.07571881e+02  8.56793908e-06  4.99076777e-01
  2028  1.72943853e+02  1.72945607e+02  1.36293590e+02  1.01448168e-05  -2.11920011e-01
  2036  1.37111262e+02  1.37112609e+02  1.51727451e+02  9.82079417e-06  1.06600934e-01
  2044  1.40057741e+02  1.40058689e+02  9.88225411e+01  6.77123556e-06  -2.94415715e-01
  2052  1.03034040e+02  1.03035358e+02  9.05526233e+01  1.27952391e-05  -1.21138767e-01
  2060  1.89949814e+02  1.89951856e+02  2.26489102e+02  1.07543532e-05  1.92362853e-01
  2068  1.49331521e+02  1.49332726e+02  1.35774967e+02  8.06983908e-06  -9.07815987e-02
  2076  1.54328776e+02  1.54330227e+02  1.60578203e+02  9.39914234e-06  4.04942375e-02
  2084  1.03858130e+02  1.03858785e+02  8.10852881e+01  6.30081670e-06  -2.19268748e-01
  2092  6.60754086e+01  6.60762050e+01  7.15191602e+01  1.20536020e-05  8.23869528e-02
  2100  2.17734114e+02  2.17736910e+02  2.31007934e+02  1.28412330e-05  6.09634365e-02
  2108  1.33254479e+02  1.33255401e+02  1.27811214e+02  6.91694117e-06  -4.08486486e-02
  2116  1.24393600e+02  1.24394748e+02  1.15979318e+02  9.22683230e-06  -6.76424007e-02
  2124  6.54844708e+01  6.54848150e+01  5.22178880e+01  5.25753992e-06  -2.02591280e-01
  2132  7.91889249e+01  7.91898321e+01  9.05883217e+01  1.14566231e-05  1.43951908e-01
  2140  1.44746963e+02  1.44749580e+02  1.52911404e+02  1.80778458e-05  5.64049220e-02
  2148  9.09213753e+01  9.09224316e+01  1.04390515e+02  1.16180544e-05  1.48140520e-01
  2156  8.46316721e+01  8.46320542e+01  7.36980899e+01  4.51396427e-06  -1.29190195e-01
  2164  4.03655402e+01  4.03654669e+01  3.29501478e+01  -1.81608939e-06  -1.83706012e-01
  2172  7.07187802e+01  7.07193479e+01  7.24688020e+01  8.02791469e-06  2.47462102e-02
  2180  8.04999450e+01  8.05007633e+01  7.90539252e+01  1.01658125e-05  -1.79629907e-02
  2188  4.99013886e+01  4.99020350e+01  5.15367472e+01  1.29530603e-05  3.27718057e-02
  2196  3.78678728e+01  3.78681323e+01  5.18480125e+01  6.85278370e-06  3.69182072e-01
  2204  3.00829900e+01  3.00825314e+01  3.29591018e+01  -1.52454185e-05  9.56059149e-02
  2212  5.06612850e+01  5.06610935e+01  3.83735187e+01  -3.77975089e-06  -2.42547465e-01
  2220  5.80977671e+01  5.80974440e+01  3.95330776e+01  -5.56070359e-06  -3.19542221e-01
  2228  4.83621943e+01  4.83617524e+01  3.45059119e+01  -9.13847022e-06  -2.86510624e-01
  2236  3.43658655e+01  3.43657334e+01  3.10947447e+01  -3.84314803e-06  -9.51851689e-02
  2244  3.21975649e+01  3.21972299e+01  2.47769502e+01  -1.04049006e-05  -2.30471302e-01
  2252  4.48463811e+01  4.48460289e+01  3.26840298e+01  -7.85549170e-06  -2.71200285e-01
  2260  6.57027324e+01  6.57014781e+01  4.88800324e+01  -1.90902732e-05  -2.56042623e-01
  2268  5.47710413e+01  5.47701455e+01  6.28193090e+01  -1.63553334e-05  1.46943850e-01
  2276  4.87531234e+01  4.87523277e+01  4.34628778e+01  -1.63209467e-05  -1.08510906e-01
  2284  5.54379998e+01  5.54370403e+01  4.96021517e+01  -1.73079428e-05  -1.05268013e-01
  2292  6.83469524e+01  6.83459039e+01  6.08386372e+01  -1.53406066e-05  -1.09855889e-01
  2300  8.57809291e+01  8.57790814e+01  8.23681807e+01  -2.15394583e-05  -3.97844654e-02
  2308  3.11581048e+01  3.11576409e+01  6.21329847e+01  -1.48864644e-05  9.94119512e-01
  2316  6.47407478e+01  6.47401548e+01  4.95739073e+01  -9.15963509e-06  -2.34270394e-01
  2324  4.95908269e+01  4.95901400e+01  5.55430504e+01  -1.38520463e-05  1.20026702e-01
  2332  6.33266133e+01  6.33256290e+01  7.32200128e+01  -1.55432418e-05  1.56228148e-01
  2340  9.36944515e+01  9.36926836e+01  1.03343111e+02  -1.88681878e-05  1.02980053e-01
  2348  4.23742867e+01  4.23738417e+01  4.00277484e+01  -1.05013591e-05  -5.53764667e-02
  2356  9.61914472e+01  9.61904589e+01  7.67205511e+01  -1.02750194e-05  -2.02418164e-01
  2364  3.50258875e+01  3.50252806e+01  3.94403578e+01  -1.73270767e-05  1.26034503e-01
  2372  5.57216651e+01  5.57208449e+01  6.72497267e+01  -1.47193102e-05  2.06886523e-01
  2380  1.08058661e+02  1.08057365e+02  1.12402130e+02  -1.20006696e-05  4.01954735e-02
  2388  8.18341508e+01  8.18330629e+01  5.84686843e+01  -1.32942351e-05  -2.85522196e-01
  2396  6.73413882e+01  6.73405513e+01  7.14848503e+01  -1.24271604e-05  6.15292063e-02
  2404  3.18861745e+01  3.18858240e+01  2.39936107e+01  -1.09938971e-05  -2.47523071e-01
  2412  3.46943171e+01  3.46936797e+01  4.58743542e+01  -1.83741457e-05  3.22244044e-01
  2420  7.74806108e+01  7.74796483e+01  8.85522563e+01  -1.24233652e-05  1.42895691e-01
  2428  8.73526194e+01  8.73511718e+01  7.04990229e+01  -1.65724546e-05  -1.92937507e-01
  2436  3.56965068e+01  3.56959988e+01  3.83585688e+01  -1.42307568e-05  7.45748582e-02
  2444  3.88605502e+01  3.88597175e+01  4.07750940e+01  -2.14288486e-05  4.92670281e-02
  2452  1.53240882e+01  1.53240044e+01  2.48328030e+01  -5.46979545e-06  6.20507703e-01
  2460  3.97534598e+01  3.97532437e+01  5.30406493e+01  -5.43597567e-06  3.34239826e-01
  2468  6.20119631e+01  6.20112302e+01  6.38365674e+01  -1.18197619e-05  2.94234234e-02
  2476  3.90650166e+01  3.90647647e+01  3.68386220e+01  -6.44838227e-06  -5.69920308e-02
  2484  2.19253382e+01  2.19251556e+01  3.24503237e+01  -8.32855990e-06  4.80037543e-01
  2492  1.84134597e+01  1.84132789e+01  2.10985735e+01  -9.81600436e-06  1.45823426e-01
  2500  1.74803734e+01  1.74811255e+01  2.39533950e+01  4.30250078e-05  3.70302251e-01
  2508  3.54172672e+01  3.54174180e+01  2.99481838e+01  4.25688660e-06  -1.54418561e-01
  2516  3.25422087e+01  3.25426329e+01  2.85515860e+01  1.30361770e-05  -1.22629129e-01
  2524  3.06652100e+01  3.06658395e+01  2.54772818e+01  2.05276396e-05  -1.69179609e-01
  2532  2.48448796e+01  2.48457733e+01  2.86741755e+01  3.59740812e-05  1.54128174e-01
  2540  1.39055100e+01  1.39059218e+01  2.45009379e+01  2.96172565e-05  7.61958960e-01
  2548  1.94270720e+01  1.94275135e+01  1.49956871e+01  2.27226806e-05  -2.28103591e-01
  2556  2.08925196e+01  2.08936653e+01  2.06727678e+01  5.48368847e-05  -1.05182040e-02
  2564  2.52364064e+01  2.52372907e+01  2.14179434e+01  3.50423665e-05  -1.51307714e-01
  2572  2.35784406e+01  2.35794113e+01  1.87062548e+01  4.11717931e-05  -2.06637318e-01
  2580  3.78916360e+01  3.78934431e+01  3.14818875e+01  4.76914134e-05  -1.69159982e-01
  2588  1.72157729e+01  1.72164298e+01  3.02227397e+01  3.81563680e-05  7.55526155e-01
  2596  1.84617407e+01  1.84627000e+01  2.38389572e+01  5.19612794e-05  2.91262702e-01
  2604  3.67269034e+01  3.67285883e+01  3.11269916e+01  4.58786852e-05  -1.52474378e-01
  2612  2.68535027e+01  2.68548944e+01  2.28234359e+01  5.18239546e-05  -1.50076021e-01
  2620  2.28592180e+01  2.28602337e+01  2.87987653e+01  4.44339761e-05  2.59831605e-01
  2628  3.92702841e+01  3.92716624e+01  2.69994102e+01  3.50990145e-05  -3.12472246e-01
  2636  1.86180221e+01  1.86184249e+01  3.20119247e+01  2.16333212e-05  7.19405235e-01
  2644  3.11606032e+01  3.11619026e+01  3.07972204e+01  4.17011204e-05  -1.16616086e-02
  2652  4.86475532e+01  4.86499546e+01  4.83274766e+01  4.93614656e-05  -6.57950148e-03
  2660  2.92099607e+01  2.92110752e+01  2.64254620e+01  3.81534896e-05  -9.53270269e-02
  2668  2.76804733e+01  2.76812968e+01  2.96991650e+01  2.97491723e-05  7.29283664e-02
  2676  2.89711316e+01  2.89723401e+01  2.04151880e+01  4.17129565e-05  -2.95326523e-01
  2684  1.36976827e+01  1.36979857e+01  2.79549445e+01  2.21238653e-05  1.04085210e+00
  2692  4.10556553e+01  4.10570129e+01  4.04655561e+01  3.30689230e-05  -1.43731527e-02
  2700  5.33800911e+01  5.33820488e+01  4.79273123e+01  3.66745030e-05  -1.02150048e-01
  2708  2.72394157e+01  2.72403358e+01  1.79305889e+01  3.37777022e-05  -3.41741062e-01
  2716  1.80002144e+01  1.80007863e+01  2.25126133e+01  3.17726800e-05  2.50685844e-01
  2724  1.98484006e+01  1.98494041e+01  1.34989245e+01  5.05622143e-05  -3.19898627e-01
  2732  6.83256847e+00  6.83239733e+00  1.39721398e+01  -2.50472742e-05  1.04493227e+00
  2740  2.99516030e+01  2.99528259e+01  3.06627656e+01  4.08288001e-05  2.37437251e-02
  2748  3.35621616e+01  3.35636317e+01  3.42779921e+01  4.38033647e-05  2.13284966e-02
  2756  2.03044424e+01  2.03050443e+01  1.84565779e+01  2.96430429e-05  -9.10078927e-02
  2764  1.40257828e+01  1.40258249e+01  1.53663939e+01  2.99737749e-06  9.55819055e-02
  2772  1.50361893e+01  1.50360135e+01  1.24355350e+01  -1.16861050e-05  -1.72959665e-01
  2780  1.11490351e+01  1.11483698e+01  7.89746081e+00  -5.96765936e-05  -2.91646252e-01
  2788  1.81599917e+01  1.81598263e+01  1.94973537e+01  -9.10747003e-06  7.36433167e-02
  2796  1.99655768e+01  1.99659573e+01  1.98885280e+01  1.90569638e-05  -3.85908304e-03
  2804  1.20349319e+01  1.20350857e+01  1.36878566e+01  1.27823317e-05  1.37343918e-01
  2812  9.19054089e+00  9.19029819e+00  7.38030385e+00  -2.64083071e-05  -1.96967411e-01
  2820  7.08261342e+00  7.08216122e+00  7.49190551e+00  -6.38461147e-05  5.77882855e-02
  2828  7.07512428e+00  7.07482061e+00  7.98329627e+00  -4.29203000e-05  1.28361278e-01
  2836  6.17700881e+00  6.17685932e+00  7.36534740e+00  -2.42021414e-05  1.92380911e-01
  2844  3.78648943e+00  3.78644319e+00  3.76265514e+00  -1.22117975e-05  -6.29456122e-03
  2852  1.15293177e+01  1.15287607e+01  5.81186485e+00  -4.83123962e-05  -4.95905568e-01
  2860  1.16399979e+01  1.16393788e+01  9.74978433e+00  -5.31917773e-05  -1.62389512e-01
  2868  9.23112806e+00  9.23050946e+00  9.51543214e+00  -6.70120493e-05  3.07984110e-02
  2876  9.46431455e+00  9.46352257e+00  9.47687393e+00  -8.36804880e-05  1.32702506e-03
  2884  8.20240678e+00  8.20192111e+00  9.66234137e+00  -5.92101294e-05  1.77988563e-01
  2892  1.50465009e+01  1.50453862e+01  1.13733999e+01  -7.40901660e-05  -2.44116629e-01
  2900  1.08685793e+01  1.08674923e+01  1.80339580e+01  -1.00016304e-04  6.59274639e-01
  2908  6.48107194e+00  6.48083202e+00  6.58901970e+00  -3.70170777e-05  1.66558501e-02
  2916  1.17966751e+01  1.17961729e+01  9.00827627e+00  -4.25730068e-05  -2.36371592e-01
  2924  1.46520203e+01  1.46508724e+01  1.30367256e+01  -7.83485440e-05  -1.10243822e-01
  2932  5.36462640e+00  5.36416649e+00  6.50888224e+00  -8.57309168e-05  2.13296463e-01
  2940  1.62354212e+01  1.62341877e+01  2.13495838e+01  -7.59753160e-05  3.15000301e-01
  2948  1.68451923e+01  1.68440244e+01  1.45540444e+01  -6.93340924e-05  -1.36011976e-01
  2956  2.23524185e+01  2.23507965e+01  1.93734103e+01  -7.25647777e-05  -1.33274536e-01
  2964  6.77701657e+00  6.77674477e+00  8.34060663e+00  -4.01058509e-05  2.30719528e-01
  2972  1.24536841e+01  1.24531786e+01  1.27641488e+01  -4.05895828e-05  2.49295493e-02
  2980  1.19698660e+01  1.19691004e+01  7.35749139e+00  -6.39588921e-05  -3.85332185e-01
  2988  4.15879796e+00  4.15860663e+00  9.09021709e+00  -4.60065404e-05  1.18577992e+00
  2996  2.09874140e+01  2.09856534e+01  2.31086737e+01  -8.38874227e-05  1.01072943e-01
